96408 20170101  2.515 -150.87   63.45     3.1    -6.5    -1.7    -0.3     0.0     0.27 C    -4.3   -16.4    -8.2    59.4    29.2    43.0 -99.000 -99.000 -99.000 -99.000 -99.000 -9999.0 -9999.0 -9999.0 -9999.0 -9999.0
96408 20170102  2.515 -150.87   63.45     0.0    -8.6    -4.3    -3.8     0.0     0.17 C    -8.0   -15.9   -11.7    61.2    31.3    45.3 -99.000 -99.000 -99.000 -99.000 -99.000 -9999.0 -9999.0 -9999.0 -9999.0 -9999.0
96408 20170103  2.515 -150.87   63.45    -2.3    -9.4    -5.9    -4.6     0.9     0.12 C    -3.6   -14.4    -9.0    93.8    44.3    63.6 -99.000 -99.000 -99.000 -99.000 -99.000 -9999.0 -9999.0 -9999.0 -9999.0 -9999.0
96408 20170104  2.515 -150.87   63.45    -2.2    -9.4    -5.8    -4.2     9.5     0.00 C    -2.9   -15.3    -5.2    95.7    80.2    92.2 -99.000 -99.000 -99.000 -99.000 -99.000 -9999.0 -9999.0 -9999.0 -9999.0 -9999.0
96408 20170105  2.515 -150.87   63.45    -4.4   -18.7   -11.6   -10.0     2.2     0.02 C    -5.6   -27.3   -12.3    89.9    60.4    79.2 -99.000 -99.000 -99.000 -99.000 -99.000 -9999.0 -9999.0 -9999.0 -9999.0 -9999.0
96408 20170106  2.515 -150.87   63.45   -11.6   -21.5   -16.5   -17.0     0.2     0.36 C   -18.2   -29.5   -22.1    87.7    24.8    60.1 -99.000 -99.000 -99.000 -99.000 -99.000 -9999.0 -9999.0 -9999.0 -9999.0 -9999.0
96408 20170107  2.515 -150.87   63.45    -5.5   -15.0   -10.2    -9.1     0.0     0.10 C   -13.0   -24.2   -18.2    44.2    20.5    33.8 -99.000 -99.000 -99.000 -99.000 -99.000 -9999.0 -9999.0 -9999.0 -9999.0 -9999.0
96408 20170108  2.515 -150.87   63.45    -2.3   -11.4    -6.8    -5.6     0.0     0.12 C   -10.4   -21.1   -14.4    53.9    27.5    34.9 -99.000 -99.000 -99.000 -99.000 -99.000 -9999.0 -9999.0 -9999.0 -9999.0 -9999.0
96408 20170109  2.515 -150.87   63.45    -0.9    -7.8    -4.3    -4.7     0.0     0.35 C   -10.2   -19.4   -14.9    62.9    31.5    42.9 -99.000 -99.000 -99.000 -99.000 -99.000 -9999.0 -9999.0 -9999.0 -9999.0 -9999.0
96408 20170110  2.515 -150.87   63.45    -2.2    -8.6    -5.4    -5.0     0.0     0.24 C   -11.4   -20.7   -16.6    58.5    39.9    47.5 -99.000 -99.000 -99.000 -99.000 -99.000 -9999.0 -9999.0 -9999.0 -9999.0 -9999.0
96408 20170111  2.515 -150.87   63.45    -6.4   -17.5   -11.9   -11.6     0.7     0.33 C   -10.4   -26.6   -17.9    87.0    44.6    68.6 -99.000 -99.000 -99.000 -99.000 -99.000 -9999.0 -9999.0 -9999.0 -9999.0 -9999.0
96408 20170112  2.515 -150.87   63.45   -12.7   -23.7   -18.2   -16.6     0.3     0.09 C   -12.8   -27.0   -16.5    88.2    74.5    82.1 -99.000 -99.000 -99.000 -99.000 -99.000 -9999.0 -9999.0 -9999.0 -9999.0 -9999.0
96408 20170113  2.515 -150.87   63.45   -17.3   -28.5   -22.9   -24.8     0.0     0.07 C   -21.3   -30.2   -25.6    86.7    65.6    75.4 -99.000 -99.000 -99.000 -99.000 -99.000 -9999.0 -9999.0 -9999.0 -9999.0 -9999.0
96408 20170114  2.515 -150.87   63.45   -19.0   -31.1   -25.1   -24.0     1.6     0.04 C   -19.7   -41.4   -26.6    82.3    67.4    75.9 -99.000 -99.000 -99.000 -99.000 -99.000 -9999.0 -9999.0 -9999.0 -9999.0 -9999.0
96408 20170115  2.515 -150.87   63.45   -21.5   -30.0   -25.8   -25.6     0.0     0.08 C   -22.6   -40.0   -29.6    79.3    70.3    75.2 -99.000 -99.000 -99.000 -99.000 -99.000 -9999.0 -9999.0 -9999.0 -9999.0 -9999.0
96408 20170116  2.515 -150.87   63.45   -27.1   -29.8   -28.5   -28.9     2.4     0.16 C   -26.5   -32.9   -28.0    75.9    73.0    73.8 -99.000 -99.000 -99.000 -99.000 -99.000 -9999.0 -9999.0 -9999.0 -9999.0 -9999.0
96408 20170117  2.515 -150.87   63.45   -27.4   -34.0   -30.7   -30.6     1.1     0.16 C   -28.3   -44.4   -38.1    75.8    68.6    72.5 -99.000 -99.000 -99.000 -99.000 -99.000 -9999.0 -9999.0 -9999.0 -9999.0 -9999.0
96408 20170118  2.515 -150.87   63.45   -27.3   -32.2   -29.8   -29.0     0.0     0.21 C   -33.3   -42.1   -37.7    75.9    66.5    71.2 -99.000 -99.000 -99.000 -99.000 -99.000 -9999.0 -9999.0 -9999.0 -9999.0 -9999.0
96408 20170119  2.515 -150.87   63.45   -11.8   -29.6   -20.7   -21.6     0.0     0.10 C   -13.8   -38.0   -26.6    71.5    48.4    60.1 -99.000 -99.000 -99.000 -99.000 -99.000 -9999.0 -9999.0 -9999.0 -9999.0 -9999.0
96408 20170120  2.515 -150.87   63.45    -8.4   -24.2   -16.3   -14.0     2.0     0.32 C   -12.7   -23.4   -17.5    86.4    36.4    61.2 -99.000 -99.000 -99.000 -99.000 -99.000 -9999.0 -9999.0 -9999.0 -9999.0 -9999.0
96408 20170121  2.515 -150.87   63.45   -23.3   -32.3   -27.8   -27.2     0.9     0.32 C   -22.6   -32.6   -27.4    80.0    74.1    77.6 -99.000 -99.000 -99.000 -99.000 -99.000 -9999.0 -9999.0 -9999.0 -9999.0 -9999.0
96408 20170122  2.515 -150.87   63.45   -23.4   -32.5   -27.9   -29.8     0.0     0.40 C   -25.9   -35.6   -29.7    76.8    71.2    74.8 -99.000 -99.000 -99.000 -99.000 -99.000 -9999.0 -9999.0 -9999.0 -9999.0 -9999.0
96408 20170123  2.515 -150.87   63.45    -7.5   -32.0   -19.8   -14.9     0.0     1.02 C   -12.6   -35.3   -20.7    81.4    42.1    65.5 -99.000 -99.000 -99.000 -99.000 -99.000 -9999.0 -9999.0 -9999.0 -9999.0 -9999.0
96408 20170124  2.515 -150.87   63.45    -3.8   -14.4    -9.1    -6.9     0.0     0.89 C   -11.6   -20.9   -15.1    67.1    40.4    52.2 -99.000 -99.000 -99.000 -99.000 -99.000 -9999.0 -9999.0 -9999.0 -9999.0 -9999.0
96408 20170125  2.515 -150.87   63.45    -2.2    -8.2    -5.2    -4.9     0.0     0.91 C    -8.7   -18.1   -12.9    64.2    45.8    54.1 -99.000 -99.000 -99.000 -99.000 -99.000 -9999.0 -9999.0 -9999.0 -9999.0 -9999.0
96408 20170126  2.515 -150.87   63.45     3.4    -8.9    -2.7    -0.6     0.0     0.54 C    -2.9   -15.5    -7.3    81.7    35.9    54.1 -99.000 -99.000 -99.000 -99.000 -99.000 -9999.0 -9999.0 -9999.0 -9999.0 -9999.0
96408 20170127  2.515 -150.87   63.45     0.2    -9.1    -4.5    -4.2     0.0     0.86 C    -6.9   -16.6   -11.7    81.1    36.4    52.9 -99.000 -99.000 -99.000 -99.000 -99.000 -9999.0 -9999.0 -9999.0 -9999.0 -9999.0
96408 20170128  2.515 -150.87   63.45 -9999.0 -9999.0 -9999.0 -9999.0 -9999.0 -9999.00 U -9999.0 -9999.0 -9999.0 -9999.0 -9999.0 -9999.0 -99.000 -99.000 -99.000 -99.000 -99.000 -9999.0 -9999.0 -9999.0 -9999.0 -9999.0
96408 20170129  2.515 -150.87   63.45 -9999.0 -9999.0 -9999.0 -9999.0 -9999.0 -9999.00 U -9999.0 -9999.0 -9999.0 -9999.0 -9999.0 -9999.0 -99.000 -99.000 -99.000 -99.000 -99.000 -9999.0 -9999.0 -9999.0 -9999.0 -9999.0
96408 20170130  2.515 -150.87   63.45    -1.0   -11.8    -6.4    -5.7     0.0     1.10 C    -6.4   -21.6   -12.4    55.9    36.3    43.4 -99.000 -99.000 -99.000 -99.000 -99.000 -9999.0 -9999.0 -9999.0 -9999.0 -9999.0
96408 20170131  2.515 -150.87   63.45    -0.2    -8.6    -4.4    -4.9     0.0     0.97 C    -6.5   -18.6   -10.5    84.0    36.3    58.0 -99.000 -99.000 -99.000 -99.000 -99.000 -9999.0 -9999.0 -9999.0 -9999.0 -9999.0
96408 20170201  2.515 -150.87   63.45 -9999.0 -9999.0 -9999.0 -9999.0 -9999.0 -9999.00 U -9999.0 -9999.0 -9999.0 -9999.0 -9999.0 -9999.0 -99.000 -99.000 -99.000 -99.000 -99.000 -9999.0 -9999.0 -9999.0 -9999.0 -9999.0
96408 20170202  2.515 -150.87   63.45    -1.4   -14.0    -7.7    -6.0     0.0     2.05 C    -9.5   -24.5   -14.6    71.9    18.6    36.2 -99.000 -99.000 -99.000 -99.000 -99.000 -9999.0 -9999.0 -9999.0 -9999.0 -9999.0
96408 20170203  2.515 -150.87   63.45     1.1   -10.9    -4.9    -3.5     0.0     2.34 C    -8.5   -17.5   -12.7    70.1    23.4    46.0 -99.000 -99.000 -99.000 -99.000 -99.000 -9999.0 -9999.0 -9999.0 -9999.0 -9999.0
96408 20170204  2.515 -150.87   63.45     0.0    -7.6    -3.8    -3.3     0.0     2.41 C    -8.9   -17.6   -13.6    66.8    42.9    52.8 -99.000 -99.000 -99.000 -99.000 -99.000 -9999.0 -9999.0 -9999.0 -9999.0 -9999.0
96408 20170205  2.515 -150.87   63.45    -3.1   -16.0    -9.6    -8.2     0.0     2.64 C   -12.1   -23.5   -17.7    89.0    50.0    63.7 -99.000 -99.000 -99.000 -99.000 -99.000 -9999.0 -9999.0 -9999.0 -9999.0 -9999.0
96408 20170206  2.515 -150.87   63.45     0.0   -14.5    -7.3    -6.0     0.0     2.80 C    -9.9   -22.5   -17.3    77.2    34.6    52.8 -99.000 -99.000 -99.000 -99.000 -99.000 -9999.0 -9999.0 -9999.0 -9999.0 -9999.0
96408 20170207  2.515 -150.87   63.45    -4.4    -9.9    -7.2    -6.7     0.0     2.18 C    -6.7   -22.2   -14.0    83.9    43.4    58.9 -99.000 -99.000 -99.000 -99.000 -99.000 -9999.0 -9999.0 -9999.0 -9999.0 -9999.0
96408 20170208  2.515 -150.87   63.45    -6.6    -9.6    -8.1    -7.6     3.1     0.55 C    -7.7   -11.0    -8.6    92.7    80.4    87.6 -99.000 -99.000 -99.000 -99.000 -99.000 -9999.0 -9999.0 -9999.0 -9999.0 -9999.0
96408 20170209  2.515 -150.87   63.45    -9.6   -24.4   -17.0   -17.7     2.9     1.34 C   -10.6   -29.1   -19.4    90.9    76.8    83.6 -99.000 -99.000 -99.000 -99.000 -99.000 -9999.0 -9999.0 -9999.0 -9999.0 -9999.0
96408 20170210  2.515 -150.87   63.45 -9999.0 -9999.0 -9999.0 -9999.0     1.5     1.45 C   -24.6   -38.1   -31.8    80.2    70.7    75.9 -99.000 -99.000 -99.000 -99.000 -99.000 -9999.0 -9999.0 -9999.0 -9999.0 -9999.0
96408 20170211  2.515 -150.87   63.45 -9999.0 -9999.0 -9999.0 -9999.0     0.0     1.66 C     0.0   -41.1   -35.5    82.4    72.5    75.1 -99.000 -99.000 -99.000 -99.000 -99.000 -9999.0 -9999.0 -9999.0 -9999.0 -9999.0
96408 20170212  2.515 -150.87   63.45 -9999.0 -9999.0 -9999.0 -9999.0 -9999.0 -9999.00 U -9999.0 -9999.0 -9999.0 -9999.0 -9999.0 -9999.0 -99.000 -99.000 -99.000 -99.000 -99.000 -9999.0 -9999.0 -9999.0 -9999.0 -9999.0
96408 20170213  2.515 -150.87   63.45 -9999.0 -9999.0 -9999.0 -9999.0 -9999.0 -9999.00 U -9999.0 -9999.0 -9999.0 -9999.0 -9999.0 -9999.0 -99.000 -99.000 -99.000 -99.000 -99.000 -9999.0 -9999.0 -9999.0 -9999.0 -9999.0
96408 20170214  2.515 -150.87   63.45 -9999.0 -9999.0 -9999.0 -9999.0 -9999.0 -9999.00 U -9999.0 -9999.0 -9999.0 -9999.0 -9999.0 -9999.0 -99.000 -99.000 -99.000 -99.000 -99.000 -9999.0 -9999.0 -9999.0 -9999.0 -9999.0
96408 20170215  2.515 -150.87   63.45 -9999.0 -9999.0 -9999.0 -9999.0 -9999.0 -9999.00 U -9999.0 -9999.0 -9999.0 -9999.0 -9999.0 -9999.0 -99.000 -99.000 -99.000 -99.000 -99.000 -9999.0 -9999.0 -9999.0 -9999.0 -9999.0
96408 20170216  2.515 -150.87   63.45    -3.6   -11.6    -7.6    -6.9     0.0     3.25 C   -11.2   -23.6   -16.3    72.4    37.1    49.3 -99.000 -99.000 -99.000 -99.000 -99.000 -9999.0 -9999.0 -9999.0 -9999.0 -9999.0
96408 20170217  2.515 -150.87   63.45    -3.8   -16.7   -10.3    -7.6     0.0     2.60 C    -6.2   -23.0   -13.8    94.8    38.4    68.2 -99.000 -99.000 -99.000 -99.000 -99.000 -9999.0 -9999.0 -9999.0 -9999.0 -9999.0
96408 20170218  2.515 -150.87   63.45    -8.6   -12.0   -10.3   -10.0     0.7     4.23 C    -9.1   -19.6   -12.5    93.3    74.0    86.1 -99.000 -99.000 -99.000 -99.000 -99.000 -9999.0 -9999.0 -9999.0 -9999.0 -9999.0
96408 20170219  2.515 -150.87   63.45   -12.0   -25.5   -18.7   -18.8     2.2     3.90 C   -12.6   -27.9   -21.1    88.8    71.5    80.4 -99.000 -99.000 -99.000 -99.000 -99.000 -9999.0 -9999.0 -9999.0 -9999.0 -9999.0
96408 20170220  2.515 -150.87   63.45 -9999.0 -9999.0 -9999.0 -9999.0     1.5     3.50 C   -24.7   -36.6   -29.7    81.1    67.2    74.9 -99.000 -99.000 -99.000 -99.000 -99.000 -9999.0 -9999.0 -9999.0 -9999.0 -9999.0
96408 20170221  2.515 -150.87   63.45 -9999.0 -9999.0 -9999.0 -9999.0 -9999.0 -9999.00 U -9999.0 -9999.0 -9999.0 -9999.0 -9999.0 -9999.0 -99.000 -99.000 -99.000 -99.000 -99.000 -9999.0 -9999.0 -9999.0 -9999.0 -9999.0
96408 20170222  2.515 -150.87   63.45    -3.9   -20.7   -12.3    -8.9     1.2     3.86 C    -6.7   -18.7   -10.3    89.6    50.0    75.8 -99.000 -99.000 -99.000 -99.000 -99.000 -9999.0 -9999.0 -9999.0 -9999.0 -9999.0
96408 20170223  2.515 -150.87   63.45     4.6    -7.1    -1.2     0.1     3.5     2.31 C    -0.1    -7.5    -2.9    91.3    46.9    70.3 -99.000 -99.000 -99.000 -99.000 -99.000 -9999.0 -9999.0 -9999.0 -9999.0 -9999.0
96408 20170224  2.515 -150.87   63.45     0.5    -4.0    -1.8    -2.1     9.5     1.20 C    -1.3    -8.7    -3.3    97.1    69.2    88.3 -99.000 -99.000 -99.000 -99.000 -99.000 -9999.0 -9999.0 -9999.0 -9999.0 -9999.0
96408 20170225  2.515 -150.87   63.45 -9999.0 -9999.0 -9999.0 -9999.0 -9999.0 -9999.00 U -9999.0 -9999.0 -9999.0 -9999.0 -9999.0 -9999.0 -99.000 -99.000 -99.000 -99.000 -99.000 -9999.0 -9999.0 -9999.0 -9999.0 -9999.0
96408 20170226  2.515 -150.87   63.45 -9999.0 -9999.0 -9999.0 -9999.0 -9999.0 -9999.00 U -9999.0 -9999.0 -9999.0 -9999.0 -9999.0 -9999.0 -99.000 -99.000 -99.000 -99.000 -99.000 -9999.0 -9999.0 -9999.0 -9999.0 -9999.0
96408 20170227  2.515 -150.87   63.45    -6.0   -14.8   -10.4    -9.0    10.6     2.38 C    -7.0   -17.8   -10.0    92.3    74.7    85.0 -99.000 -99.000 -99.000 -99.000 -99.000 -9999.0 -9999.0 -9999.0 -9999.0 -9999.0
96408 20170228  2.515 -150.87   63.45   -14.7   -23.4   -19.0   -19.1     0.8     5.79 C   -16.2   -31.6   -23.6    86.9    64.0    76.5 -99.000 -99.000 -99.000 -99.000 -99.000 -9999.0 -9999.0 -9999.0 -9999.0 -9999.0
96408 20170301  2.515 -150.87   63.45   -19.5   -23.8   -21.7   -22.1     0.0     7.22 C   -21.0   -33.0   -27.1    71.3    48.7    62.4 -99.000 -99.000 -99.000 -99.000 -99.000 -9999.0 -9999.0 -9999.0 -9999.0 -9999.0
96408 20170302  2.515 -150.87   63.45 -9999.0 -9999.0 -9999.0 -9999.0     0.0     7.04 C   -18.3   -38.8   -29.4    82.1    42.1    56.7 -99.000 -99.000 -99.000 -99.000 -99.000 -9999.0 -9999.0 -9999.0 -9999.0 -9999.0
96408 20170303  2.515 -150.87   63.45 -9999.0 -9999.0 -9999.0 -9999.0 -9999.0     7.79 C     0.0   -37.0   -27.8 -9999.0 -9999.0 -9999.0 -99.000 -99.000 -99.000 -99.000 -99.000 -9999.0 -9999.0 -9999.0 -9999.0 -9999.0
96408 20170304  2.515 -150.87   63.45   -13.3   -18.2   -15.8   -15.5     0.5     5.86 C   -12.6   -20.7   -16.7    83.6    45.9    70.1 -99.000 -99.000 -99.000 -99.000 -99.000 -9999.0 -9999.0 -9999.0 -9999.0 -9999.0
96408 20170305  2.515 -150.87   63.45   -15.4   -23.5   -19.4   -18.2     2.7     6.41 C   -15.9   -35.9   -22.8    85.0    55.6    74.1 -99.000 -99.000 -99.000 -99.000 -99.000 -9999.0 -9999.0 -9999.0 -9999.0 -9999.0
96408 20170306  2.515 -150.87   63.45   -17.5   -25.5   -21.5   -21.5     0.0     8.46 C   -22.2   -39.4   -31.8    67.5    32.5    45.4 -99.000 -99.000 -99.000 -99.000 -99.000 -9999.0 -9999.0 -9999.0 -9999.0 -9999.0
96408 20170307  2.515 -150.87   63.45   -19.0   -27.2   -23.1   -23.0     0.0     8.64 C   -23.5   -39.1   -32.2    61.4    35.1    46.8 -99.000 -99.000 -99.000 -99.000 -99.000 -9999.0 -9999.0 -9999.0 -9999.0 -9999.0
96408 20170308  2.515 -150.87   63.45   -14.1   -27.8   -21.0   -19.8     0.0     8.88 C   -18.3   -40.5   -27.8    62.2    23.1    40.6 -99.000 -99.000 -99.000 -99.000 -99.000 -9999.0 -9999.0 -9999.0 -9999.0 -9999.0
96408 20170309  2.515 -150.87   63.45    -9.5   -20.7   -15.1   -14.9     0.0     8.45 C   -14.8   -24.9   -20.3    58.2    25.6    38.4 -99.000 -99.000 -99.000 -99.000 -99.000 -9999.0 -9999.0 -9999.0 -9999.0 -9999.0
96408 20170310  2.515 -150.87   63.45    -7.9   -15.4   -11.6   -10.2     1.7     4.20 C    -7.4   -19.1   -10.8    91.0    34.6    73.0 -99.000 -99.000 -99.000 -99.000 -99.000 -9999.0 -9999.0 -9999.0 -9999.0 -9999.0
96408 20170311  2.515 -150.87   63.45    -9.8   -19.4   -14.6   -14.1     1.2     7.01 C   -10.0   -25.5   -15.8    90.9    71.6    84.6 -99.000 -99.000 -99.000 -99.000 -99.000 -9999.0 -9999.0 -9999.0 -9999.0 -9999.0
96408 20170312  2.515 -150.87   63.45   -11.2   -19.7   -15.5   -15.1     0.0     9.49 C   -15.0   -31.2   -22.0    86.6    37.6    55.7 -99.000 -99.000 -99.000 -99.000 -99.000 -9999.0 -9999.0 -9999.0 -9999.0 -9999.0
96408 20170313  2.515 -150.87   63.45   -10.7   -18.6   -14.6   -14.2     0.2     8.76 C   -11.3   -29.7   -19.8    85.8    40.7    58.0 -99.000 -99.000 -99.000 -99.000 -99.000 -9999.0 -9999.0 -9999.0 -9999.0 -9999.0
96408 20170314  2.515 -150.87   63.45   -16.1   -24.1   -20.1   -18.5     0.0    10.31 C   -18.3   -33.0   -24.2    86.4    34.3    62.5 -99.000 -99.000 -99.000 -99.000 -99.000 -9999.0 -9999.0 -9999.0 -9999.0 -9999.0
96408 20170315  2.515 -150.87   63.45   -20.4   -25.8   -23.1   -23.1     0.0    10.66 C   -20.9   -35.0   -26.9    72.8    54.9    63.6 -99.000 -99.000 -99.000 -99.000 -99.000 -9999.0 -9999.0 -9999.0 -9999.0 -9999.0
96408 20170316  2.515 -150.87   63.45   -20.1   -25.9   -23.0   -22.8     0.0    10.87 C   -20.4   -32.4   -26.8    68.8    52.6    60.0 -99.000 -99.000 -99.000 -99.000 -99.000 -9999.0 -9999.0 -9999.0 -9999.0 -9999.0
96408 20170317  2.515 -150.87   63.45   -17.9   -25.7   -21.8   -21.0     0.0    11.17 C   -18.1   -34.4   -26.2    67.9    49.4    55.5 -99.000 -99.000 -99.000 -99.000 -99.000 -9999.0 -9999.0 -9999.0 -9999.0 -9999.0
96408 20170318  2.515 -150.87   63.45   -19.2   -26.1   -22.7   -22.0     0.0    11.40 C   -19.1   -36.1   -27.3    70.4    53.5    59.0 -99.000 -99.000 -99.000 -99.000 -99.000 -9999.0 -9999.0 -9999.0 -9999.0 -9999.0
96408 20170319  2.515 -150.87   63.45   -14.8   -26.5   -20.7   -20.8     0.0    11.80 C   -16.2   -35.6   -27.9    72.7    43.2    58.1 -99.000 -99.000 -99.000 -99.000 -99.000 -9999.0 -9999.0 -9999.0 -9999.0 -9999.0
96408 20170320  2.515 -150.87   63.45   -13.3   -24.3   -18.8   -18.2     0.0    11.86 C   -14.2   -33.4   -25.0    71.8    42.4    55.8 -99.000 -99.000 -99.000 -99.000 -99.000 -9999.0 -9999.0 -9999.0 -9999.0 -9999.0
96408 20170321  2.515 -150.87   63.45   -12.0   -21.0   -16.5   -16.3     0.0    12.20 C   -13.1   -30.0   -22.2    67.7    47.6    57.0 -99.000 -99.000 -99.000 -99.000 -99.000 -9999.0 -9999.0 -9999.0 -9999.0 -9999.0
96408 20170322  2.515 -150.87   63.45   -11.5   -18.2   -14.8   -14.8     0.0    12.66 C   -12.2   -26.9   -19.7    65.9    49.6    57.2 -99.000 -99.000 -99.000 -99.000 -99.000 -9999.0 -9999.0 -9999.0 -9999.0 -9999.0
96408 20170323  2.515 -150.87   63.45   -11.1   -20.5   -15.8   -15.8     0.0    12.79 C   -12.2   -30.1   -23.0    74.1    50.0    62.0 -99.000 -99.000 -99.000 -99.000 -99.000 -9999.0 -9999.0 -9999.0 -9999.0 -9999.0
96408 20170324  2.515 -150.87   63.45   -10.2   -19.2   -14.7   -14.8     0.0    13.13 C   -11.9   -28.2   -20.6    72.3    44.2    59.5 -99.000 -99.000 -99.000 -99.000 -99.000 -9999.0 -9999.0 -9999.0 -9999.0 -9999.0
96408 20170325  2.515 -150.87   63.45   -11.1   -19.9   -15.5   -14.6     0.0    13.54 C   -12.2   -29.5   -19.9    68.1    49.8    59.3 -99.000 -99.000 -99.000 -99.000 -99.000 -9999.0 -9999.0 -9999.0 -9999.0 -9999.0
96408 20170326  2.515 -150.87   63.45   -10.4   -19.5   -14.9   -14.6     0.0    13.74 C   -10.8   -30.4   -21.2    69.6    46.9    58.3 -99.000 -99.000 -99.000 -99.000 -99.000 -9999.0 -9999.0 -9999.0 -9999.0 -9999.0
96408 20170327  2.515 -150.87   63.45   -10.2   -19.8   -15.0   -14.7     0.0    14.22 C   -10.3   -28.6   -21.1    77.8    50.0    62.7 -99.000 -99.000 -99.000 -99.000 -99.000 -9999.0 -9999.0 -9999.0 -9999.0 -9999.0
96408 20170328  2.515 -150.87   63.45    -7.5   -18.7   -13.1   -12.8     0.0    13.47 C    -7.0   -27.7   -17.0    85.5    47.6    70.6 -99.000 -99.000 -99.000 -99.000 -99.000 -9999.0 -9999.0 -9999.0 -9999.0 -9999.0
96408 20170329  2.515 -150.87   63.45    -9.5   -15.7   -12.6   -12.3     1.2     7.54 C    -8.6   -22.2   -15.4    88.6    72.5    82.2 -99.000 -99.000 -99.000 -99.000 -99.000 -9999.0 -9999.0 -9999.0 -9999.0 -9999.0
96408 20170330  2.515 -150.87   63.45    -5.9   -15.2   -10.5   -10.6     0.4    12.08 C    -6.9   -24.7   -15.3    87.3    49.0    70.7 -99.000 -99.000 -99.000 -99.000 -99.000 -9999.0 -9999.0 -9999.0 -9999.0 -9999.0
96408 20170331  2.515 -150.87   63.45     1.8   -11.4    -4.8    -4.0     0.0    10.73 C    -2.3   -19.4   -10.2    68.3    38.5    55.3 -99.000 -99.000 -99.000 -99.000 -99.000 -9999.0 -9999.0 -9999.0 -9999.0 -9999.0
96408 20170401  2.515 -150.87   63.45     5.4    -3.2     1.1     1.6     0.2    11.27 C    -0.1    -8.4    -3.2    88.0    41.5    52.8 -99.000 -99.000 -99.000 -99.000 -99.000 -9999.0 -9999.0 -9999.0 -9999.0 -9999.0
96408 20170402  2.515 -150.87   63.45     1.5    -3.8    -1.1    -0.4     5.8     8.22 C     0.3    -8.7    -1.4    97.6    69.0    84.7 -99.000 -99.000 -99.000 -99.000 -99.000 -9999.0 -9999.0 -9999.0 -9999.0 -9999.0
96408 20170403  2.515 -150.87   63.45     1.0    -7.2    -3.1    -2.1     0.0    15.21 C    -1.3   -14.7    -7.5    93.5    37.9    55.6 -99.000 -99.000 -99.000 -99.000 -99.000 -9999.0 -9999.0 -9999.0 -9999.0 -9999.0
96408 20170404  2.515 -150.87   63.45     5.5    -4.9     0.3     0.9     0.0    15.47 C     0.0   -12.5    -5.2    70.4    29.1    45.2 -99.000 -99.000 -99.000 -99.000 -99.000 -9999.0 -9999.0 -9999.0 -9999.0 -9999.0
96408 20170405  2.515 -150.87   63.45     2.6    -7.8    -2.6    -1.7     0.0    11.09 C     0.0    -9.6    -5.0    80.7    55.1    66.5 -99.000 -99.000 -99.000 -99.000 -99.000 -9999.0 -9999.0 -9999.0 -9999.0 -9999.0
96408 20170406  2.515 -150.87   63.45     3.3    -5.4    -1.1     0.2     0.0    13.32 C     0.2    -5.9    -2.5    87.8    58.9    70.3 -99.000 -99.000 -99.000 -99.000 -99.000 -9999.0 -9999.0 -9999.0 -9999.0 -9999.0
96408 20170407  2.515 -150.87   63.45    -0.4    -7.3    -3.9    -3.9     1.1    11.24 C    -0.7    -8.9    -3.7    94.9    70.4    84.9 -99.000 -99.000 -99.000 -99.000 -99.000 -9999.0 -9999.0 -9999.0 -9999.0 -9999.0
96408 20170408  2.515 -150.87   63.45     1.4    -9.9    -4.3    -4.9     0.0    16.29 C    -1.6   -14.1    -7.9    95.2    47.1    72.4 -99.000 -99.000 -99.000 -99.000 -99.000 -9999.0 -9999.0 -9999.0 -9999.0 -9999.0
96408 20170409  2.515 -150.87   63.45     3.3    -7.0    -1.8    -1.5     0.0    17.05 C    -1.0   -15.3    -7.6    69.9    36.2    51.3 -99.000 -99.000 -99.000 -99.000 -99.000 -9999.0 -9999.0 -9999.0 -9999.0 -9999.0
96408 20170410  2.515 -150.87   63.45     2.9    -6.8    -2.0    -1.3     0.0    17.98 C    -1.1   -15.9    -8.2    66.0    35.8    50.0 -99.000 -99.000 -99.000 -99.000 -99.000 -9999.0 -9999.0 -9999.0 -9999.0 -9999.0
96408 20170411  2.515 -150.87   63.45     4.3    -4.7    -0.2    -0.4     0.0    18.16 C    -0.6   -13.1    -7.2    59.0    32.8    45.1 -99.000 -99.000 -99.000 -99.000 -99.000 -9999.0 -9999.0 -9999.0 -9999.0 -9999.0
96408 20170412  2.515 -150.87   63.45     4.5    -6.6    -1.0     0.4     0.0    18.51 C    -0.6   -14.5    -6.4    65.8    38.1    48.9 -99.000 -99.000 -99.000 -99.000 -99.000 -9999.0 -9999.0 -9999.0 -9999.0 -9999.0
96408 20170413  2.515 -150.87   63.45     4.5    -4.3     0.1     0.9     0.0    19.15 C    -0.4   -10.8    -5.1    62.5    35.9    48.4 -99.000 -99.000 -99.000 -99.000 -99.000 -9999.0 -9999.0 -9999.0 -9999.0 -9999.0
96408 20170414  2.515 -150.87   63.45     5.9    -5.8     0.0     0.8     0.0    19.12 C     0.0   -13.6    -5.4    61.8    29.8    44.6 -99.000 -99.000 -99.000 -99.000 -99.000 -9999.0 -9999.0 -9999.0 -9999.0 -9999.0
96408 20170415  2.515 -150.87   63.45     4.9    -4.6     0.1     0.5     0.0    18.89 C    -0.1   -10.9    -4.7    73.7    31.4    48.5 -99.000 -99.000 -99.000 -99.000 -99.000 -9999.0 -9999.0 -9999.0 -9999.0 -9999.0
96408 20170416  2.515 -150.87   63.45     1.2    -6.7    -2.8    -2.9     0.0    18.79 C    -0.5    -9.2    -5.1    76.5    55.6    64.2 -99.000 -99.000 -99.000 -99.000 -99.000 -9999.0 -9999.0 -9999.0 -9999.0 -9999.0
96408 20170417  2.515 -150.87   63.45    -1.9    -8.9    -5.4    -4.8     0.0    19.78 C    -1.5   -12.5    -6.8    73.5    46.5    59.3 -99.000 -99.000 -99.000 -99.000 -99.000 -9999.0 -9999.0 -9999.0 -9999.0 -9999.0
96408 20170418  2.515 -150.87   63.45     0.0   -10.1    -5.1    -4.7     0.0    20.23 C    -1.0   -14.7    -7.4    66.8    41.5    53.8 -99.000 -99.000 -99.000 -99.000 -99.000 -9999.0 -9999.0 -9999.0 -9999.0 -9999.0
96408 20170419  2.515 -150.87   63.45    -0.9    -7.4    -4.1    -3.9     0.0    20.65 C    -2.4   -13.2    -7.1    62.3    42.8    50.7 -99.000 -99.000 -99.000 -99.000 -99.000 -9999.0 -9999.0 -9999.0 -9999.0 -9999.0
96408 20170420  2.515 -150.87   63.45     3.0    -7.3    -2.1    -2.1     0.0    20.68 C     0.6   -11.8    -5.4    59.3    35.8    47.8 -99.000 -99.000 -99.000 -99.000 -99.000 -9999.0 -9999.0 -9999.0 -9999.0 -9999.0
96408 20170421  2.515 -150.87   63.45     5.4    -4.6     0.4     0.4     0.0    21.00 C     1.9    -9.5    -3.8    59.3    25.3    44.0 -99.000 -99.000 -99.000 -99.000 -99.000 -9999.0 -9999.0 -9999.0 -9999.0 -9999.0
96408 20170422  2.515 -150.87   63.45     5.5    -3.6     0.9     1.4     0.0    21.05 C     5.1    -8.4    -1.9    59.9    35.4    48.2 -99.000 -99.000 -99.000 -99.000 -99.000 -9999.0 -9999.0 -9999.0 -9999.0 -9999.0
96408 20170423  2.515 -150.87   63.45     8.9    -1.1     3.9     4.1     0.0    18.52 C    11.3    -5.9     1.9    57.4    19.3    40.4 -99.000 -99.000 -99.000 -99.000 -99.000 -9999.0 -9999.0 -9999.0 -9999.0 -9999.0
96408 20170424  2.515 -150.87   63.45     9.4     1.3     5.3     5.2     0.0    17.73 C    13.9    -3.8     3.7    64.4    38.3    50.6 -99.000 -99.000 -99.000 -99.000 -99.000 -9999.0 -9999.0 -9999.0 -9999.0 -9999.0
96408 20170425  2.515 -150.87   63.45     6.5    -1.2     2.6     3.3     0.0    13.48 C    14.0    -4.9     2.4    86.3    55.6    67.1 -99.000 -99.000 -99.000 -99.000 -99.000 -9999.0 -9999.0 -9999.0 -9999.0 -9999.0
96408 20170426  2.515 -150.87   63.45     6.7    -0.6     3.0     2.7     0.0    12.71 C    15.1    -6.3     2.6    78.2    49.8    65.0 -99.000 -99.000 -99.000 -99.000 -99.000 -9999.0 -9999.0 -9999.0 -9999.0 -9999.0
96408 20170427  2.515 -150.87   63.45     6.8    -2.8     2.0     2.1     0.0    21.41 C    19.9    -4.8     4.9    86.2    50.3    66.3 -99.000 -99.000 -99.000 -99.000 -99.000 -9999.0 -9999.0 -9999.0 -9999.0 -9999.0
96408 20170428  2.515 -150.87   63.45     6.5    -0.5     3.0     2.0     2.7    10.31 C    18.3    -6.2     3.1    97.7    60.9    80.0 -99.000 -99.000 -99.000 -99.000 -99.000 -9999.0 -9999.0 -9999.0 -9999.0 -9999.0
96408 20170429  2.515 -150.87   63.45     5.1    -0.6     2.3     1.6     4.0    14.29 C    21.4    -5.9     2.7    97.9    61.7    85.5 -99.000 -99.000 -99.000 -99.000 -99.000 -9999.0 -9999.0 -9999.0 -9999.0 -9999.0
96408 20170430  2.515 -150.87   63.45     8.0    -1.8     3.1     3.2     0.0    19.37 C    21.6    -6.4     4.6    94.2    30.0    56.1 -99.000 -99.000 -99.000 -99.000 -99.000 -9999.0 -9999.0 -9999.0 -9999.0 -9999.0
96408 20170501  2.515 -150.87   63.45     9.7    -2.3     3.7     4.3     0.0    19.24 C    25.8    -8.8     5.7    68.2    24.7    43.7 -99.000 -99.000 -99.000 -99.000 -99.000 -9999.0 -9999.0 -9999.0 -9999.0 -9999.0
96408 20170502  2.515 -150.87   63.45     8.8    -0.8     4.0     4.2     0.0    20.08 C    28.9    -8.7     5.9    63.0    24.8    44.3 -99.000 -99.000 -99.000 -99.000 -99.000 -9999.0 -9999.0 -9999.0 -9999.0 -9999.0
96408 20170503  2.515 -150.87   63.45     6.7    -1.4     2.6     3.0     0.0    11.39 C    19.0    -6.5     4.3    91.0    49.9    62.3 -99.000 -99.000 -99.000 -99.000 -99.000 -9999.0 -9999.0 -9999.0 -9999.0 -9999.0
96408 20170504  2.515 -150.87   63.45     9.9    -0.7     4.6     4.2     0.3    17.26 C    29.7    -5.2     6.6    91.4    31.4    66.6 -99.000 -99.000 -99.000 -99.000 -99.000 -9999.0 -9999.0 -9999.0 -9999.0 -9999.0
96408 20170505  2.515 -150.87   63.45    10.0    -1.3     4.4     4.7     0.0    16.44 C    32.3    -8.3     5.3    92.7    27.2    57.3 -99.000 -99.000 -99.000 -99.000 -99.000 -9999.0 -9999.0 -9999.0 -9999.0 -9999.0
96408 20170506  2.515 -150.87   63.45    13.6    -0.8     6.4     7.3     0.0    22.99 C    29.2    -8.1     8.5    51.9    14.6    28.9 -99.000 -99.000 -99.000 -99.000 -99.000 -9999.0 -9999.0 -9999.0 -9999.0 -9999.0
96408 20170507  2.515 -150.87   63.45    14.4     0.3     7.4     8.5     0.0    19.28 C    32.1    -8.2     9.2    50.5    24.3    34.8 -99.000 -99.000 -99.000 -99.000 -99.000 -9999.0 -9999.0 -9999.0 -9999.0 -9999.0
96408 20170508  2.515 -150.87   63.45     7.3     3.2     5.2     5.4     4.0     8.53 C    13.2     0.1     5.9    93.4    50.1    73.2 -99.000 -99.000 -99.000 -99.000 -99.000 -9999.0 -9999.0 -9999.0 -9999.0 -9999.0
96408 20170509  2.515 -150.87   63.45     9.7     1.5     5.6     4.6    18.8     7.99 C    19.4     1.3     5.6    97.0    61.3    87.5 -99.000 -99.000 -99.000 -99.000 -99.000 -9999.0 -9999.0 -9999.0 -9999.0 -9999.0
96408 20170510  2.515 -150.87   63.45    11.5     2.6     7.1     6.7     1.0    15.06 C    26.5     0.1     8.7    97.0    32.9    63.3 -99.000 -99.000 -99.000 -99.000 -99.000 -9999.0 -9999.0 -9999.0 -9999.0 -9999.0
96408 20170511  2.515 -150.87   63.45    14.7     2.8     8.8     9.0     0.0    20.20 C    32.9    -6.3     9.1    59.5    26.3    38.4 -99.000 -99.000 -99.000 -99.000 -99.000 -9999.0 -9999.0 -9999.0 -9999.0 -9999.0
96408 20170512  2.515 -150.87   63.45    15.8     2.8     9.3     9.1     0.0    21.02 C    37.2    -5.5    10.1    74.4    24.2    48.4 -99.000 -99.000 -99.000 -99.000 -99.000 -9999.0 -9999.0 -9999.0 -9999.0 -9999.0
96408 20170513  2.515 -150.87   63.45    11.9    -0.1     5.9     6.1    16.3    13.76 C    32.4    -3.5     7.2    97.6    44.5    68.6 -99.000 -99.000 -99.000 -99.000 -99.000 -9999.0 -9999.0 -9999.0 -9999.0 -9999.0
96408 20170514  2.515 -150.87   63.45    11.3    -0.1     5.6     4.7     1.4    10.75 C    19.8    -1.2     4.2    97.7    51.7    83.1 -99.000 -99.000 -99.000 -99.000 -99.000 -9999.0 -9999.0 -9999.0 -9999.0 -9999.0
96408 20170515  2.515 -150.87   63.45    16.1     2.2     9.1     9.9     0.0    22.64 C    35.2    -4.2    11.0    85.8    27.1    52.6 -99.000 -99.000 -99.000 -99.000 -99.000 -9999.0 -9999.0 -9999.0 -9999.0 -9999.0
96408 20170516  2.515 -150.87   63.45    17.7     4.6    11.2    12.2     0.0    21.71 C    37.2    -4.2    13.0    57.1    19.9    34.6 -99.000 -99.000 -99.000 -99.000 -99.000 -9999.0 -9999.0 -9999.0 -9999.0 -9999.0
96408 20170517  2.515 -150.87   63.45    14.7     3.9     9.3     9.1     2.4    13.79 C    28.1    -4.4     8.0    82.5    32.0    48.5 -99.000 -99.000 -99.000 -99.000 -99.000 -9999.0 -9999.0 -9999.0 -9999.0 -9999.0
96408 20170518  2.515 -150.87   63.45    11.7     2.5     7.1     7.0     1.1    14.56 C    24.7    -3.0     7.5    79.0    35.8    56.3 -99.000 -99.000 -99.000 -99.000 -99.000 -9999.0 -9999.0 -9999.0 -9999.0 -9999.0
96408 20170519  2.515 -150.87   63.45     9.1     2.0     5.6     5.0     1.0    12.52 C    17.8    -5.3     5.7    95.2    46.9    69.7 -99.000 -99.000 -99.000 -99.000 -99.000 -9999.0 -9999.0 -9999.0 -9999.0 -9999.0
96408 20170520  2.515 -150.87   63.45    12.6    -0.5     6.1     5.2     0.5    16.40 C    30.8    -6.1     5.8    82.4    34.5    60.1 -99.000 -99.000 -99.000 -99.000 -99.000 -9999.0 -9999.0 -9999.0 -9999.0 -9999.0
96408 20170521  2.515 -150.87   63.45    10.8     0.3     5.6     6.3     0.5    10.52 C    20.7    -5.8     6.0    90.7    42.5    68.2 -99.000 -99.000 -99.000 -99.000 -99.000 -9999.0 -9999.0 -9999.0 -9999.0 -9999.0
96408 20170522  2.515 -150.87   63.45    11.4     3.6     7.5     5.8     8.8    10.22 C    22.8     1.4     6.8    97.1    53.9    84.8 -99.000 -99.000 -99.000 -99.000 -99.000 -9999.0 -9999.0 -9999.0 -9999.0 -9999.0
96408 20170523  2.515 -150.87   63.45     7.8     0.0     3.9     3.1    12.3    13.32 C    19.5    -2.4     4.0    97.1    54.6    83.2 -99.000 -99.000 -99.000 -99.000 -99.000 -9999.0 -9999.0 -9999.0 -9999.0 -9999.0
96408 20170524  2.515 -150.87   63.45    12.6    -0.5     6.1     4.5    20.9    12.49 C    29.0    -1.9     6.0    97.2    36.2    67.0 -99.000 -99.000 -99.000 -99.000 -99.000 -9999.0 -9999.0 -9999.0 -9999.0 -9999.0
96408 20170525  2.515 -150.87   63.45     2.7    -1.3     0.7     0.3     2.9    16.17 C     0.8    -5.6    -1.1    97.1    62.2    85.7 -99.000 -99.000 -99.000 -99.000 -99.000 -9999.0 -9999.0 -9999.0 -9999.0 -9999.0
96408 20170526  2.515 -150.87   63.45     6.1    -2.6     1.7     1.9     2.2    25.13 C     1.9    -9.2    -1.4    97.1    34.7    63.1 -99.000 -99.000 -99.000 -99.000 -99.000 -9999.0 -9999.0 -9999.0 -9999.0 -9999.0
96408 20170527  2.515 -150.87   63.45     9.4    -2.1     3.6     4.2     0.0    25.07 C    20.5    -5.4     4.8    76.0    24.8    48.8 -99.000 -99.000 -99.000 -99.000 -99.000 -9999.0 -9999.0 -9999.0 -9999.0 -9999.0
96408 20170528  2.515 -150.87   63.45    12.8     1.7     7.3     8.0     0.0    27.29 C    30.1    -5.0    11.3    58.0    28.6    38.6 -99.000 -99.000 -99.000 -99.000 -99.000 -9999.0 -9999.0 -9999.0 -9999.0 -9999.0
96408 20170529  2.515 -150.87   63.45     7.9     0.1     4.0     4.5     3.4    11.77 C    16.1    -5.4     4.8    92.3    46.1    70.3 -99.000 -99.000 -99.000 -99.000 -99.000 -9999.0 -9999.0 -9999.0 -9999.0 -9999.0
96408 20170530  2.515 -150.87   63.45    11.3    -0.1     5.6     4.8    15.5    12.77 C    21.9    -3.4     4.4    97.4    44.0    77.8 -99.000 -99.000 -99.000 -99.000 -99.000 -9999.0 -9999.0 -9999.0 -9999.0 -9999.0
96408 20170531  2.515 -150.87   63.45    14.9     2.1     8.5     9.0     0.0    20.74 C    32.9    -2.3     9.8    85.2    28.2    51.6 -99.000 -99.000 -99.000 -99.000 -99.000 -9999.0 -9999.0 -9999.0 -9999.0 -9999.0
96408 20170601  2.515 -150.87   63.45    19.0     3.9    11.5    12.4     0.0    26.69 C    37.3    -5.7    14.0    53.3    21.8    34.0 -99.000 -99.000 -99.000 -99.000 -99.000 -9999.0 -9999.0 -9999.0 -9999.0 -9999.0
96408 20170602  2.515 -150.87   63.45    19.0     7.0    13.0    13.8     0.0    22.02 C    38.4    -4.4    13.9    47.8    22.0    32.4 -99.000 -99.000 -99.000 -99.000 -99.000 -9999.0 -9999.0 -9999.0 -9999.0 -9999.0
96408 20170603  2.515 -150.87   63.45    19.7     6.4    13.1    14.0     0.0    21.31 C    40.3    -3.6    15.2    57.0    24.0    39.0 -99.000 -99.000 -99.000 -99.000 -99.000 -9999.0 -9999.0 -9999.0 -9999.0 -9999.0
96408 20170604  2.515 -150.87   63.45    20.2     9.0    14.6    14.9     0.0    21.80 C    38.5    -0.6    17.4    63.8    23.5    41.6 -99.000 -99.000 -99.000 -99.000 -99.000 -9999.0 -9999.0 -9999.0 -9999.0 -9999.0
96408 20170605  2.515 -150.87   63.45    18.4     5.8    12.1    12.8     0.0    18.49 C    34.8    -2.5    12.8    68.9    33.2    49.5 -99.000 -99.000 -99.000 -99.000 -99.000 -9999.0 -9999.0 -9999.0 -9999.0 -9999.0
96408 20170606  2.515 -150.87   63.45    19.5     5.8    12.6    13.7     0.0    27.30 C    38.1    -3.7    16.3    77.5    17.8    39.6 -99.000 -99.000 -99.000 -99.000 -99.000 -9999.0 -9999.0 -9999.0 -9999.0 -9999.0
96408 20170607  2.515 -150.87   63.45    22.2    10.3    16.3    15.9     0.0    15.51 C    38.6     2.2    16.7    56.3    21.5    36.2 -99.000 -99.000 -99.000 -99.000 -99.000 -9999.0 -9999.0 -9999.0 -9999.0 -9999.0
96408 20170608  2.515 -150.87   63.45    22.9     9.7    16.3    16.4     0.0    17.56 C    40.2     3.1    17.9    67.4    32.3    49.7 -99.000 -99.000 -99.000 -99.000 -99.000 -9999.0 -9999.0 -9999.0 -9999.0 -9999.0
96408 20170609  2.515 -150.87   63.45    24.1    10.3    17.2    16.9     0.0    16.64 C    42.4     3.9    18.7    76.7    35.8    57.4 -99.000 -99.000 -99.000 -99.000 -99.000 -9999.0 -9999.0 -9999.0 -9999.0 -9999.0
96408 20170610  2.515 -150.87   63.45    16.8     9.2    13.0    13.4     0.4     7.53 C    26.2     7.7    13.7    93.9    58.2    74.0 -99.000 -99.000 -99.000 -99.000 -99.000 -9999.0 -9999.0 -9999.0 -9999.0 -9999.0
96408 20170611  2.515 -150.87   63.45    11.4     6.4     8.9     9.1     5.4     7.20 C    14.8     5.5     9.8    94.8    56.4    76.6 -99.000 -99.000 -99.000 -99.000 -99.000 -9999.0 -9999.0 -9999.0 -9999.0 -9999.0
96408 20170612  2.515 -150.87   63.45    10.4     5.6     8.0     8.0     2.6    11.31 C    14.8     4.2     9.1    95.0    65.2    81.5 -99.000 -99.000 -99.000 -99.000 -99.000 -9999.0 -9999.0 -9999.0 -9999.0 -9999.0
96408 20170613  2.515 -150.87   63.45    14.4     6.2    10.3     9.9     1.2    27.56 C    26.9     0.3    12.9    95.8    21.5    57.5 -99.000 -99.000 -99.000 -99.000 -99.000 -9999.0 -9999.0 -9999.0 -9999.0 -9999.0
96408 20170614  2.515 -150.87   63.45    15.7     2.9     9.3    10.2     0.0    21.54 C    33.8    -3.1    11.4    60.9    28.5    45.9 -99.000 -99.000 -99.000 -99.000 -99.000 -9999.0 -9999.0 -9999.0 -9999.0 -9999.0
96408 20170615  2.515 -150.87   63.45    16.4     4.5    10.4    11.0     0.0    22.20 C    35.3    -2.4    12.8    82.7    28.4    53.9 -99.000 -99.000 -99.000 -99.000 -99.000 -9999.0 -9999.0 -9999.0 -9999.0 -9999.0
96408 20170616  2.515 -150.87   63.45    10.5     6.3     8.4     8.3    12.5     6.74 C    14.3     0.7     8.1    92.4    60.1    81.4 -99.000 -99.000 -99.000 -99.000 -99.000 -9999.0 -9999.0 -9999.0 -9999.0 -9999.0
96408 20170617  2.515 -150.87   63.45    13.6     6.7    10.1     9.8     3.6    10.75 C    21.4     1.4     9.8    90.3    56.8    77.7 -99.000 -99.000 -99.000 -99.000 -99.000 -9999.0 -9999.0 -9999.0 -9999.0 -9999.0
96408 20170618  2.515 -150.87   63.45    14.8     7.1    10.9    10.7     1.1    21.97 C    31.4     2.4    13.1    90.8    45.3    67.3 -99.000 -99.000 -99.000 -99.000 -99.000 -9999.0 -9999.0 -9999.0 -9999.0 -9999.0
96408 20170619  2.515 -150.87   63.45    17.0     3.6    10.3    10.9     0.0    20.11 C    28.6    -2.8    12.1    93.5    49.3    66.1 -99.000 -99.000 -99.000 -99.000 -99.000 -9999.0 -9999.0 -9999.0 -9999.0 -9999.0
96408 20170620  2.515 -150.87   63.45    14.7     5.9    10.3    10.7     4.7    10.44 C    21.7    -1.0    11.0    90.1    51.2    75.6 -99.000 -99.000 -99.000 -99.000 -99.000 -9999.0 -9999.0 -9999.0 -9999.0 -9999.0
96408 20170621  2.515 -150.87   63.45    18.9     8.1    13.5    13.7     0.0    23.63 C    32.4     2.4    14.9    90.0    31.0    57.6 -99.000 -99.000 -99.000 -99.000 -99.000 -9999.0 -9999.0 -9999.0 -9999.0 -9999.0
96408 20170622  2.515 -150.87   63.45    21.3     8.0    14.6    14.3     0.5    22.88 C    37.5     0.1    15.0    80.4    30.0    53.6 -99.000 -99.000 -99.000 -99.000 -99.000 -9999.0 -9999.0 -9999.0 -9999.0 -9999.0
96408 20170623  2.515 -150.87   63.45    14.6     9.4    12.0    11.5    12.2     9.98 C    20.1     7.6    12.1    89.5    61.3    80.5 -99.000 -99.000 -99.000 -99.000 -99.000 -9999.0 -9999.0 -9999.0 -9999.0 -9999.0
96408 20170624  2.515 -150.87   63.45    16.3     9.2    12.8    12.0     1.2    15.38 C    27.4     3.6    13.1    91.9    50.5    73.7 -99.000 -99.000 -99.000 -99.000 -99.000 -9999.0 -9999.0 -9999.0 -9999.0 -9999.0
96408 20170625  2.515 -150.87   63.45    18.2     6.5    12.4    12.9    10.5    21.09 C    28.4     0.1    13.5    85.3    35.5    60.5 -99.000 -99.000 -99.000 -99.000 -99.000 -9999.0 -9999.0 -9999.0 -9999.0 -9999.0
96408 20170626  2.515 -150.87   63.45    21.1     8.6    14.8    14.2     0.0    18.28 C    34.9     2.3    13.5    72.0    33.3    53.5 -99.000 -99.000 -99.000 -99.000 -99.000 -9999.0 -9999.0 -9999.0 -9999.0 -9999.0
96408 20170627  2.515 -150.87   63.45    18.0     6.0    12.0    13.0     0.0    16.91 C    32.5    -0.4    13.3    84.1    38.0    55.8 -99.000 -99.000 -99.000 -99.000 -99.000 -9999.0 -9999.0 -9999.0 -9999.0 -9999.0
96408 20170628  2.515 -150.87   63.45    20.6     8.1    14.4    14.2     0.0    24.00 C    37.5     3.1    15.8    71.6    29.9    49.3 -99.000 -99.000 -99.000 -99.000 -99.000 -9999.0 -9999.0 -9999.0 -9999.0 -9999.0
96408 20170629  2.515 -150.87   63.45    18.1     5.8    12.0    13.3     0.0    16.35 C    26.7    -1.2    13.6    81.7    38.5    57.8 -99.000 -99.000 -99.000 -99.000 -99.000 -9999.0 -9999.0 -9999.0 -9999.0 -9999.0
96408 20170630  2.515 -150.87   63.45    16.6     7.6    12.1    11.8     0.2    15.26 C    33.2     7.9    14.2    90.6    51.2    71.8 -99.000 -99.000 -99.000 -99.000 -99.000 -9999.0 -9999.0 -9999.0 -9999.0 -9999.0
96408 20170701  2.515 -150.87   63.45    18.7     8.9    13.8    13.1     1.3    16.07 C    31.5     8.0    14.5    91.8    45.8    72.6 -99.000 -99.000 -99.000 -99.000 -99.000 -9999.0 -9999.0 -9999.0 -9999.0 -9999.0
96408 20170702  2.515 -150.87   63.45    17.7    10.6    14.2    13.7     1.7    13.74 C    27.2     8.7    14.5    88.3    50.1    72.5 -99.000 -99.000 -99.000 -99.000 -99.000 -9999.0 -9999.0 -9999.0 -9999.0 -9999.0
96408 20170703  2.515 -150.87   63.45    18.6    11.4    15.0    13.7     7.1     9.45 C    31.5     8.8    14.2    91.3    50.8    78.4 -99.000 -99.000 -99.000 -99.000 -99.000 -9999.0 -9999.0 -9999.0 -9999.0 -9999.0
96408 20170704  2.515 -150.87   63.45    18.8    10.6    14.7    13.5    30.0    13.08 C    29.4     6.5    14.3    94.6    57.1    84.1 -99.000 -99.000 -99.000 -99.000 -99.000 -9999.0 -9999.0 -9999.0 -9999.0 -9999.0
96408 20170705  2.515 -150.87   63.45    22.3     9.5    15.9    16.6     0.0    22.65 C    32.9     2.9    16.8    89.4    42.6    64.9 -99.000 -99.000 -99.000 -99.000 -99.000 -9999.0 -9999.0 -9999.0 -9999.0 -9999.0
96408 20170706  2.515 -150.87   63.45    24.3    10.4    17.4    16.9     0.0    18.10 C    39.0     3.5    16.6    83.3    40.6    64.6 -99.000 -99.000 -99.000 -99.000 -99.000 -9999.0 -9999.0 -9999.0 -9999.0 -9999.0
96408 20170707  2.515 -150.87   63.45    18.7    12.6    15.7    15.2     0.3    14.75 C    29.1     9.3    16.4    86.5    63.3    76.2 -99.000 -99.000 -99.000 -99.000 -99.000 -9999.0 -9999.0 -9999.0 -9999.0 -9999.0
96408 20170708  2.515 -150.87   63.45    17.5    10.3    13.9    13.9    11.2    10.72 C    27.3     5.2    14.6    92.9    49.8    75.5 -99.000 -99.000 -99.000 -99.000 -99.000 -9999.0 -9999.0 -9999.0 -9999.0 -9999.0
96408 20170709  2.515 -150.87   63.45    16.0     9.2    12.6    11.9     3.4    17.77 C    26.5     8.5    13.8    94.5    61.3    80.2 -99.000 -99.000 -99.000 -99.000 -99.000 -9999.0 -9999.0 -9999.0 -9999.0 -9999.0
96408 20170710  2.515 -150.87   63.45    15.2     7.9    11.6    11.1     1.0     9.79 C    26.2     7.3    12.0    91.8    53.6    73.5 -99.000 -99.000 -99.000 -99.000 -99.000 -9999.0 -9999.0 -9999.0 -9999.0 -9999.0
96408 20170711  2.515 -150.87   63.45    12.6     8.8    10.7    10.7     5.0     3.16 C    14.0     7.0    10.4    94.3    72.5    85.3 -99.000 -99.000 -99.000 -99.000 -99.000 -9999.0 -9999.0 -9999.0 -9999.0 -9999.0
96408 20170712  2.515 -150.87   63.45    22.1     6.9    14.5    16.1     0.0    22.29 C    30.1     2.8    16.7    92.5    49.5    70.6 -99.000 -99.000 -99.000 -99.000 -99.000 -9999.0 -9999.0 -9999.0 -9999.0 -9999.0
96408 20170713  2.515 -150.87   63.45    22.8    11.9    17.3    17.8     0.0    16.92 C    30.3     7.4    17.7    87.9    45.6    67.3 -99.000 -99.000 -99.000 -99.000 -99.000 -9999.0 -9999.0 -9999.0 -9999.0 -9999.0
96408 20170714  2.515 -150.87   63.45    24.0    10.7    17.4    16.6     0.0    14.77 C    34.3     4.6    15.9    86.9    38.8    66.8 -99.000 -99.000 -99.000 -99.000 -99.000 -9999.0 -9999.0 -9999.0 -9999.0 -9999.0
96408 20170715  2.515 -150.87   63.45    16.3    12.1    14.2    13.7     6.4     7.54 C    20.2    10.9    13.9    94.0    70.2    82.6 -99.000 -99.000 -99.000 -99.000 -99.000 -9999.0 -9999.0 -9999.0 -9999.0 -9999.0
96408 20170716  2.515 -150.87   63.45    17.2    11.0    14.1    13.5     3.8     9.69 C    23.4    10.4    14.6    94.4    64.9    84.8 -99.000 -99.000 -99.000 -99.000 -99.000 -9999.0 -9999.0 -9999.0 -9999.0 -9999.0
96408 20170717  2.515 -150.87   63.45    19.7    11.0    15.3    14.9     4.5    12.75 C    30.6     7.2    15.1    92.4    52.1    75.0 -99.000 -99.000 -99.000 -99.000 -99.000 -9999.0 -9999.0 -9999.0 -9999.0 -9999.0
96408 20170718  2.515 -150.87   63.45    20.3     9.2    14.7    14.3     0.0    16.56 C    32.1     5.2    13.8    85.2    46.3    64.5 -99.000 -99.000 -99.000 -99.000 -99.000 -9999.0 -9999.0 -9999.0 -9999.0 -9999.0
96408 20170719  2.515 -150.87   63.45    17.6     9.8    13.7    13.0     0.3    10.84 C    26.2     4.0    13.5    90.9    58.3    79.2 -99.000 -99.000 -99.000 -99.000 -99.000 -9999.0 -9999.0 -9999.0 -9999.0 -9999.0
96408 20170720  2.515 -150.87   63.45    19.0    10.0    14.5    14.6     0.0    13.76 C    28.7     8.5    15.6    90.4    45.5    68.9 -99.000 -99.000 -99.000 -99.000 -99.000 -9999.0 -9999.0 -9999.0 -9999.0 -9999.0
96408 20170721  2.515 -150.87   63.45    20.2     9.2    14.7    15.0     7.3    16.87 C    29.0     3.0    14.9    92.9    39.8    66.2 -99.000 -99.000 -99.000 -99.000 -99.000 -9999.0 -9999.0 -9999.0 -9999.0 -9999.0
96408 20170722  2.515 -150.87   63.45    23.2     8.3    15.8    16.5     0.0    23.21 C    30.4     2.7    16.0    76.1    26.1    49.8 -99.000 -99.000 -99.000 -99.000 -99.000 -9999.0 -9999.0 -9999.0 -9999.0 -9999.0
96408 20170723  2.515 -150.87   63.45    24.3    11.0    17.7    18.6     0.0    18.57 C    31.9     3.0    16.9    69.2    37.2    48.9 -99.000 -99.000 -99.000 -99.000 -99.000 -9999.0 -9999.0 -9999.0 -9999.0 -9999.0
96408 20170724  2.515 -150.87   63.45    16.8    10.0    13.4    11.8     6.7     3.82 C    14.2     9.2    11.6    91.7    57.4    83.6 -99.000 -99.000 -99.000 -99.000 -99.000 -9999.0 -9999.0 -9999.0 -9999.0 -9999.0
96408 20170725  2.515 -150.87   63.45    15.9     9.6    12.7    12.1     2.6    10.63 C    25.1     8.5    13.5    93.7    67.0    81.7 -99.000 -99.000 -99.000 -99.000 -99.000 -9999.0 -9999.0 -9999.0 -9999.0 -9999.0
96408 20170726  2.515 -150.87   63.45    15.8     9.0    12.4    11.8     1.2    15.89 C    27.0     6.0    13.8    94.5    70.0    86.6 -99.000 -99.000 -99.000 -99.000 -99.000 -9999.0 -9999.0 -9999.0 -9999.0 -9999.0
96408 20170727  2.515 -150.87   63.45    19.5     7.9    13.7    13.3    29.0    15.38 C    30.2     3.5    13.6    94.6    49.6    77.1 -99.000 -99.000 -99.000 -99.000 -99.000 -9999.0 -9999.0 -9999.0 -9999.0 -9999.0
96408 20170728  2.515 -150.87   63.45    19.6    10.4    15.0    13.8     3.2    13.23 C    28.8     6.9    14.3    91.1    51.4    75.8 -99.000 -99.000 -99.000 -99.000 -99.000 -9999.0 -9999.0 -9999.0 -9999.0 -9999.0
96408 20170729  2.515 -150.87   63.45    15.2    10.3    12.8    12.8     5.1    11.78 C    23.2     8.8    13.9    93.5    69.9    84.1 -99.000 -99.000 -99.000 -99.000 -99.000 -9999.0 -9999.0 -9999.0 -9999.0 -9999.0
96408 20170730  2.515 -150.87   63.45    21.2     9.8    15.5    14.9     0.0    15.82 C    31.3     8.3    16.0    94.3    51.6    78.0 -99.000 -99.000 -99.000 -99.000 -99.000 -9999.0 -9999.0 -9999.0 -9999.0 -9999.0
96408 20170731  2.515 -150.87   63.45    18.8    11.1    14.9    14.2    12.3    13.03 C    29.4     7.9    14.7    85.0    56.0    73.8 -99.000 -99.000 -99.000 -99.000 -99.000 -9999.0 -9999.0 -9999.0 -9999.0 -9999.0
96408 20170801  2.515 -150.87   63.45    18.3     8.6    13.5    13.2     0.0    17.22 C    28.2     5.7    13.9    87.6    47.0    69.1 -99.000 -99.000 -99.000 -99.000 -99.000 -9999.0 -9999.0 -9999.0 -9999.0 -9999.0
96408 20170802  2.515 -150.87   63.45    14.6     8.3    11.4    11.5     1.9     7.46 C    17.8     5.8    11.7    90.3    68.2    80.6 -99.000 -99.000 -99.000 -99.000 -99.000 -9999.0 -9999.0 -9999.0 -9999.0 -9999.0
96408 20170803  2.515 -150.87   63.45    19.0     8.8    13.9    13.7     0.2    12.48 C    23.2     6.8    14.3    94.4    42.2    76.5 -99.000 -99.000 -99.000 -99.000 -99.000 -9999.0 -9999.0 -9999.0 -9999.0 -9999.0
96408 20170804  2.515 -150.87   63.45    20.0     9.8    14.9    14.5     0.4    16.90 C    26.3     8.6    15.6    91.6    48.2    70.4 -99.000 -99.000 -99.000 -99.000 -99.000 -9999.0 -9999.0 -9999.0 -9999.0 -9999.0
96408 20170805  2.515 -150.87   63.45    22.2     9.1    15.6    16.8     0.0    22.67 C    32.1     6.0    17.7    87.4    43.4    63.1 -99.000 -99.000 -99.000 -99.000 -99.000 -9999.0 -9999.0 -9999.0 -9999.0 -9999.0
96408 20170806  2.515 -150.87   63.45    24.3    11.4    17.8    17.9     3.2    20.75 C    34.6     5.7    18.8    89.6    39.5    65.4 -99.000 -99.000 -99.000 -99.000 -99.000 -9999.0 -9999.0 -9999.0 -9999.0 -9999.0
96408 20170807  2.515 -150.87   63.45    22.8    11.4    17.1    16.4     1.5    16.65 C    32.4     8.0    16.0    86.8    35.7    63.6 -99.000 -99.000 -99.000 -99.000 -99.000 -9999.0 -9999.0 -9999.0 -9999.0 -9999.0
96408 20170808  2.515 -150.87   63.45    20.3    10.6    15.5    15.0     1.2    16.09 C    29.9     4.5    15.3    86.2    41.9    65.0 -99.000 -99.000 -99.000 -99.000 -99.000 -9999.0 -9999.0 -9999.0 -9999.0 -9999.0
96408 20170809  2.515 -150.87   63.45    22.6     8.7    15.7    16.0     0.5    16.88 C    30.4     2.1    15.8    85.0    38.6    62.6 -99.000 -99.000 -99.000 -99.000 -99.000 -9999.0 -9999.0 -9999.0 -9999.0 -9999.0
96408 20170810  2.515 -150.87   63.45    15.1     8.9    12.0    12.2     2.4     9.75 C    23.5     7.7    12.8    91.8    60.6    79.1 -99.000 -99.000 -99.000 -99.000 -99.000 -9999.0 -9999.0 -9999.0 -9999.0 -9999.0
96408 20170811  2.515 -150.87   63.45    12.4     8.2    10.3    10.1     1.5     5.78 C    17.9     7.1    10.6    91.8    63.0    79.4 -99.000 -99.000 -99.000 -99.000 -99.000 -9999.0 -9999.0 -9999.0 -9999.0 -9999.0
96408 20170812  2.515 -150.87   63.45    15.5     8.1    11.8    11.5     2.7    16.05 C    25.3     6.2    12.7    92.6    51.8    78.5 -99.000 -99.000 -99.000 -99.000 -99.000 -9999.0 -9999.0 -9999.0 -9999.0 -9999.0
96408 20170813  2.515 -150.87   63.45    11.8     6.2     9.0     9.0     7.3     9.80 C    18.5    -0.1     9.7    93.5    60.4    80.6 -99.000 -99.000 -99.000 -99.000 -99.000 -9999.0 -9999.0 -9999.0 -9999.0 -9999.0
96408 20170814  2.515 -150.87   63.45    14.7     5.0     9.9     9.7     1.6    11.42 C    22.6    -1.5     9.9    91.5    58.2    79.9 -99.000 -99.000 -99.000 -99.000 -99.000 -9999.0 -9999.0 -9999.0 -9999.0 -9999.0
96408 20170815  2.515 -150.87   63.45 -9999.0 -9999.0 -9999.0 -9999.0 -9999.0 -9999.00 U -9999.0 -9999.0 -9999.0 -9999.0 -9999.0 -9999.0 -99.000 -99.000 -99.000 -99.000 -99.000 -9999.0 -9999.0 -9999.0 -9999.0 -9999.0
96408 20170816  2.515 -150.87   63.45     9.2     5.8     7.5     7.4    10.3     4.42 C    12.3     5.4     8.0    98.4    82.0    91.7 -99.000 -99.000 -99.000 -99.000 -99.000 -9999.0 -9999.0 -9999.0 -9999.0 -9999.0
96408 20170817  2.515 -150.87   63.45    11.9     3.7     7.8     6.7     5.2     8.75 C    21.9     0.1     7.6    98.4    57.8    84.7 -99.000 -99.000 -99.000 -99.000 -99.000 -9999.0 -9999.0 -9999.0 -9999.0 -9999.0
96408 20170818  2.515 -150.87   63.45    10.2     4.0     7.1     5.9    14.5     5.73 C    16.5     0.6     6.3    97.8    61.7    90.0 -99.000 -99.000 -99.000 -99.000 -99.000 -9999.0 -9999.0 -9999.0 -9999.0 -9999.0
96408 20170819  2.515 -150.87   63.45     8.9     3.8     6.4     5.7     3.6     7.91 C    14.2     3.5     6.7    99.2    65.3    86.5 -99.000 -99.000 -99.000 -99.000 -99.000 -9999.0 -9999.0 -9999.0 -9999.0 -9999.0
96408 20170820  2.515 -150.87   63.45     9.9     2.8     6.3     6.6     0.0     8.64 C    14.3     0.7     7.4    96.2    68.8    83.3 -99.000 -99.000 -99.000 -99.000 -99.000 -9999.0 -9999.0 -9999.0 -9999.0 -9999.0
96408 20170821  2.515 -150.87   63.45    12.0     6.5     9.2     8.4     0.7     5.34 C    19.0     1.3     9.1    99.6    73.3    91.7 -99.000 -99.000 -99.000 -99.000 -99.000 -9999.0 -9999.0 -9999.0 -9999.0 -9999.0
96408 20170822  2.515 -150.87   63.45    13.4     4.7     9.0     8.6     0.6     7.55 C    19.5    -1.1     8.5    96.6    64.8    86.1 -99.000 -99.000 -99.000 -99.000 -99.000 -9999.0 -9999.0 -9999.0 -9999.0 -9999.0
96408 20170823  2.515 -150.87   63.45    14.2     3.9     9.0     9.6     0.0    12.45 C    21.6    -1.3     9.2    95.8    49.4    74.3 -99.000 -99.000 -99.000 -99.000 -99.000 -9999.0 -9999.0 -9999.0 -9999.0 -9999.0
96408 20170824  2.515 -150.87   63.45    13.8     4.8     9.3     9.0     0.0     7.43 C    20.6     0.3     8.6    98.9    56.6    84.0 -99.000 -99.000 -99.000 -99.000 -99.000 -9999.0 -9999.0 -9999.0 -9999.0 -9999.0
96408 20170825  2.515 -150.87   63.45    15.3     5.8    10.5    10.1     0.0     9.78 C    23.4     0.2     9.3    98.3    49.4    74.3 -99.000 -99.000 -99.000 -99.000 -99.000 -9999.0 -9999.0 -9999.0 -9999.0 -9999.0
96408 20170826  2.515 -150.87   63.45    15.4     5.6    10.5     9.1    17.7     8.00 C    25.5    -0.1     8.8    96.3    54.4    84.0 -99.000 -99.000 -99.000 -99.000 -99.000 -9999.0 -9999.0 -9999.0 -9999.0 -9999.0
96408 20170827  2.515 -150.87   63.45    12.8     5.8     9.3     9.0     1.9     5.89 C    21.1    -0.5     8.9    96.9    67.0    89.1 -99.000 -99.000 -99.000 -99.000 -99.000 -9999.0 -9999.0 -9999.0 -9999.0 -9999.0
96408 20170828  2.515 -150.87   63.45    15.5     3.8     9.6     9.8     0.0    15.21 C    26.5    -0.9     9.7    94.8    40.5    69.0 -99.000 -99.000 -99.000 -99.000 -99.000 -9999.0 -9999.0 -9999.0 -9999.0 -9999.0
96408 20170829  2.515 -150.87   63.45     7.8     1.7     4.8     5.2     0.0     4.22 C    12.2     0.3     6.1    99.8    86.6    95.0 -99.000 -99.000 -99.000 -99.000 -99.000 -9999.0 -9999.0 -9999.0 -9999.0 -9999.0
96408 20170830  2.515 -150.87   63.45    11.1     4.0     7.5     6.7     1.1     3.61 C    13.2     1.0     6.5    99.9    72.6    92.0 -99.000 -99.000 -99.000 -99.000 -99.000 -9999.0 -9999.0 -9999.0 -9999.0 -9999.0
96408 20170831  2.515 -150.87   63.45    14.0     2.9     8.4     7.9     0.0     8.52 C    21.7    -1.4     7.1    97.6    47.6    77.9 -99.000 -99.000 -99.000 -99.000 -99.000 -9999.0 -9999.0 -9999.0 -9999.0 -9999.0
96408 20170901  2.515 -150.87   63.45     8.0     2.1     5.0     4.6    13.8     2.69 C    12.0    -1.2     4.2    98.2    81.8    91.4 -99.000 -99.000 -99.000 -99.000 -99.000 -9999.0 -9999.0 -9999.0 -9999.0 -9999.0
96408 20170902  2.515 -150.87   63.45    10.8     1.2     6.0     5.7     0.3    13.19 C    20.6    -2.2     6.6    97.7    54.5    78.4 -99.000 -99.000 -99.000 -99.000 -99.000 -9999.0 -9999.0 -9999.0 -9999.0 -9999.0
96408 20170903  2.515 -150.87   63.45    12.7     0.8     6.7     7.6     0.0     8.91 C    20.2    -3.7     6.1    80.3    37.4    57.1 -99.000 -99.000 -99.000 -99.000 -99.000 -9999.0 -9999.0 -9999.0 -9999.0 -9999.0
96408 20170904  2.515 -150.87   63.45    15.2     1.6     8.4     9.4     0.0    13.31 C    24.1    -3.1     8.3    82.9    37.0    56.0 -99.000 -99.000 -99.000 -99.000 -99.000 -9999.0 -9999.0 -9999.0 -9999.0 -9999.0
96408 20170905  2.515 -150.87   63.45    14.8     2.8     8.8     8.7     0.0     4.72 C    13.9    -2.8     6.8    87.8    51.4    69.5 -99.000 -99.000 -99.000 -99.000 -99.000 -9999.0 -9999.0 -9999.0 -9999.0 -9999.0
96408 20170906  2.515 -150.87   63.45    15.9     7.1    11.5    11.8     0.0     5.44 C    21.6     0.8    10.3    73.6    24.6    53.9 -99.000 -99.000 -99.000 -99.000 -99.000 -9999.0 -9999.0 -9999.0 -9999.0 -9999.0
96408 20170907  2.515 -150.87   63.45    13.0     4.5     8.7     7.8     0.0     7.96 C    25.2    -1.7     7.4    91.5    46.9    69.7 -99.000 -99.000 -99.000 -99.000 -99.000 -9999.0 -9999.0 -9999.0 -9999.0 -9999.0
96408 20170908  2.515 -150.87   63.45    12.8     1.6     7.2     6.9     0.7     9.16 C    23.2    -4.8     5.6    94.8    46.5    71.4 -99.000 -99.000 -99.000 -99.000 -99.000 -9999.0 -9999.0 -9999.0 -9999.0 -9999.0
96408 20170909  2.515 -150.87   63.45    11.7     2.5     7.1     6.4     4.2     4.22 C    20.1    -1.9     5.7    97.8    62.3    85.7 -99.000 -99.000 -99.000 -99.000 -99.000 -9999.0 -9999.0 -9999.0 -9999.0 -9999.0
96408 20170910  2.515 -150.87   63.45     8.1     3.0     5.5     5.4     5.0     2.62 C    12.7    -0.5     5.5    97.8    84.7    93.1 -99.000 -99.000 -99.000 -99.000 -99.000 -9999.0 -9999.0 -9999.0 -9999.0 -9999.0
96408 20170911  2.515 -150.87   63.45     6.7     3.3     5.0     4.6     0.5     3.71 C    10.6     0.0     4.6    98.7    73.3    88.7 -99.000 -99.000 -99.000 -99.000 -99.000 -9999.0 -9999.0 -9999.0 -9999.0 -9999.0
96408 20170912  2.515 -150.87   63.45    14.0     4.2     9.1     9.6     0.0     5.41 C    16.8    -0.1     6.6    82.3    39.1    54.3 -99.000 -99.000 -99.000 -99.000 -99.000 -9999.0 -9999.0 -9999.0 -9999.0 -9999.0
96408 20170913  2.515 -150.87   63.45    11.9     4.2     8.0     8.3     0.0     3.55 C    13.2    -2.0     6.1    90.5    43.8    68.9 -99.000 -99.000 -99.000 -99.000 -99.000 -9999.0 -9999.0 -9999.0 -9999.0 -9999.0
96408 20170914  2.515 -150.87   63.45    13.1     1.7     7.4     7.4     0.0     6.69 C    17.3    -4.6     3.9    88.7    38.2    62.6 -99.000 -99.000 -99.000 -99.000 -99.000 -9999.0 -9999.0 -9999.0 -9999.0 -9999.0
96408 20170915  2.515 -150.87   63.45    13.7     0.5     7.1     6.8     0.0    11.39 C    21.2    -5.2     5.1    86.9    37.2    62.1 -99.000 -99.000 -99.000 -99.000 -99.000 -9999.0 -9999.0 -9999.0 -9999.0 -9999.0
96408 20170916  2.515 -150.87   63.45    14.3     1.3     7.8     7.2     0.0     7.71 C    22.7    -5.5     4.4    79.2    30.8    58.0 -99.000 -99.000 -99.000 -99.000 -99.000 -9999.0 -9999.0 -9999.0 -9999.0 -9999.0
96408 20170917  2.515 -150.87   63.45    14.1     2.8     8.4     8.1     0.0     7.74 C    22.5    -4.0     5.6    80.5    39.7    61.6 -99.000 -99.000 -99.000 -99.000 -99.000 -9999.0 -9999.0 -9999.0 -9999.0 -9999.0
96408 20170918  2.515 -150.87   63.45     9.7     4.9     7.3     6.9     5.3     3.23 C    13.7     0.0     6.3    97.8    67.4    83.6 -99.000 -99.000 -99.000 -99.000 -99.000 -9999.0 -9999.0 -9999.0 -9999.0 -9999.0
96408 20170919  2.515 -150.87   63.45     4.9     0.6     2.8     3.0     8.3     2.86 C     7.9    -3.1     2.8    99.1    78.8    92.6 -99.000 -99.000 -99.000 -99.000 -99.000 -9999.0 -9999.0 -9999.0 -9999.0 -9999.0
96408 20170920  2.515 -150.87   63.45     5.1    -0.4     2.3     1.8     2.3     3.16 C     9.9    -2.9     1.5    99.9    78.9    92.9 -99.000 -99.000 -99.000 -99.000 -99.000 -9999.0 -9999.0 -9999.0 -9999.0 -9999.0
96408 20170921  2.515 -150.87   63.45     2.6    -0.5     1.0     1.0     2.4     2.27 C     4.8    -3.5     0.5    98.8    75.0    90.9 -99.000 -99.000 -99.000 -99.000 -99.000 -9999.0 -9999.0 -9999.0 -9999.0 -9999.0
96408 20170922  2.515 -150.87   63.45     7.2     1.2     4.2     3.3     0.4     5.10 C    14.4    -0.4     4.2    99.9    74.0    93.0 -99.000 -99.000 -99.000 -99.000 -99.000 -9999.0 -9999.0 -9999.0 -9999.0 -9999.0
96408 20170923  2.515 -150.87   63.45    12.3     1.3     6.8     4.4     0.0     7.47 C    18.7    -0.8     4.6    99.9    54.2    89.3 -99.000 -99.000 -99.000 -99.000 -99.000 -9999.0 -9999.0 -9999.0 -9999.0 -9999.0
96408 20170924  2.515 -150.87   63.45    11.0    -0.9     5.0     4.3     2.9     5.89 C    18.5    -2.6     4.7   100.0    65.4    91.7 -99.000 -99.000 -99.000 -99.000 -99.000 -9999.0 -9999.0 -9999.0 -9999.0 -9999.0
96408 20170925  2.515 -150.87   63.45     9.4     3.6     6.5     5.5     4.1     5.88 C    19.7     1.4     6.2    99.4    64.4    87.0 -99.000 -99.000 -99.000 -99.000 -99.000 -9999.0 -9999.0 -9999.0 -9999.0 -9999.0
96408 20170926  2.515 -150.87   63.45     7.6     0.3     3.9     4.2     0.0     9.19 C    11.9    -3.5     3.1    95.0    65.9    84.3 -99.000 -99.000 -99.000 -99.000 -99.000 -9999.0 -9999.0 -9999.0 -9999.0 -9999.0
96408 20170927  2.515 -150.87   63.45     9.3    -1.6     3.8     2.4     0.0     8.22 C    17.0    -5.0     2.6    99.9    58.5    87.4 -99.000 -99.000 -99.000 -99.000 -99.000 -9999.0 -9999.0 -9999.0 -9999.0 -9999.0
96408 20170928  2.515 -150.87   63.45     1.1    -0.7     0.2     0.0     8.6     0.86 C     1.0    -1.4    -0.1   100.0    95.7    99.0 -99.000 -99.000 -99.000 -99.000 -99.000 -9999.0 -9999.0 -9999.0 -9999.0 -9999.0
96408 20170929  2.515 -150.87   63.45     0.4    -2.7    -1.2    -0.8     3.5     3.02 C     0.6    -7.0    -1.0   100.0    92.2    97.3 -99.000 -99.000 -99.000 -99.000 -99.000 -9999.0 -9999.0 -9999.0 -9999.0 -9999.0
96408 20170930  2.515 -150.87   63.45     2.8    -4.1    -0.6    -1.1     0.0     8.40 C     5.1    -8.9    -3.5    94.0    60.2    80.1 -99.000 -99.000 -99.000 -99.000 -99.000 -9999.0 -9999.0 -9999.0 -9999.0 -9999.0
96408 20171001  2.515 -150.87   63.45     8.4    -4.1     2.1     1.8     0.0     7.72 C    11.4    -8.0    -0.1    92.6    38.2    69.2 -99.000 -99.000 -99.000 -99.000 -99.000 -9999.0 -9999.0 -9999.0 -9999.0 -9999.0
96408 20171002  2.515 -150.87   63.45    11.8     1.0     6.4     6.1     0.0     3.92 C    13.6    -2.4     2.9    78.0    34.8    56.8 -99.000 -99.000 -99.000 -99.000 -99.000 -9999.0 -9999.0 -9999.0 -9999.0 -9999.0
96408 20171003  2.515 -150.87   63.45    11.7     1.7     6.7     6.2     0.0     5.93 C    17.6    -3.6     3.5    88.4    43.2    64.4 -99.000 -99.000 -99.000 -99.000 -99.000 -9999.0 -9999.0 -9999.0 -9999.0 -9999.0
96408 20171004  2.515 -150.87   63.45     6.5     0.6     3.5     3.4     0.0     2.53 C    10.2    -4.9     0.9    97.6    77.6    85.8 -99.000 -99.000 -99.000 -99.000 -99.000 -9999.0 -9999.0 -9999.0 -9999.0 -9999.0
96408 20171005  2.515 -150.87   63.45     8.9    -0.4     4.2     3.1     0.0     4.76 C    16.7    -5.1     2.2    99.7    51.5    84.8 -99.000 -99.000 -99.000 -99.000 -99.000 -9999.0 -9999.0 -9999.0 -9999.0 -9999.0
96408 20171006  2.515 -150.87   63.45     2.6    -2.1     0.3     0.7     3.4     1.10 C     3.3    -6.6    -0.4    99.6    82.6    94.6 -99.000 -99.000 -99.000 -99.000 -99.000 -9999.0 -9999.0 -9999.0 -9999.0 -9999.0
96408 20171007  2.515 -150.87   63.45     5.9    -0.4     2.8     2.1     2.3     4.16 C    15.8    -2.2     2.6    99.9    74.7    94.0 -99.000 -99.000 -99.000 -99.000 -99.000 -9999.0 -9999.0 -9999.0 -9999.0 -9999.0
96408 20171008  2.515 -150.87   63.45     0.1    -1.5    -0.7    -0.4    21.1     0.46 C    -0.1    -3.3    -0.9   100.0    95.3    98.2 -99.000 -99.000 -99.000 -99.000 -99.000 -9999.0 -9999.0 -9999.0 -9999.0 -9999.0
96408 20171009  2.515 -150.87   63.45     2.5    -1.7     0.4    -0.6    10.4     2.70 C     0.1    -3.3    -1.2    98.7    86.5    95.4 -99.000 -99.000 -99.000 -99.000 -99.000 -9999.0 -9999.0 -9999.0 -9999.0 -9999.0
96408 20171010  2.515 -150.87   63.45     4.4    -0.4     2.0     2.3     2.9     1.50 C     0.1    -0.8    -0.1    98.3    74.8    88.8 -99.000 -99.000 -99.000 -99.000 -99.000 -9999.0 -9999.0 -9999.0 -9999.0 -9999.0
96408 20171011  2.515 -150.87   63.45     1.3    -1.0     0.2    -0.1    12.2     0.11 C     0.0    -1.7    -0.7    99.6    85.6    95.7 -99.000 -99.000 -99.000 -99.000 -99.000 -9999.0 -9999.0 -9999.0 -9999.0 -9999.0
96408 20171012  2.515 -150.87   63.45     8.0    -0.4     3.8     2.8    11.1     3.23 C     0.3    -2.8    -0.3    99.9    53.5    83.0 -99.000 -99.000 -99.000 -99.000 -99.000 -9999.0 -9999.0 -9999.0 -9999.0 -9999.0
96408 20171013  2.515 -150.87   63.45     2.2    -0.5     0.8     0.3    12.7     1.90 C     0.2    -3.4    -0.3   100.0    87.4    97.9 -99.000 -99.000 -99.000 -99.000 -99.000 -9999.0 -9999.0 -9999.0 -9999.0 -9999.0
96408 20171014  2.515 -150.87   63.45    -0.2    -6.1    -3.1    -2.7     0.0     4.13 C    -1.4   -15.2    -8.6    98.1    64.6    87.8 -99.000 -99.000 -99.000 -99.000 -99.000 -9999.0 -9999.0 -9999.0 -9999.0 -9999.0
96408 20171015  2.515 -150.87   63.45    -1.7    -8.0    -4.9    -4.8     0.0     2.47 C    -2.9   -13.9    -7.2    97.0    64.9    81.7 -99.000 -99.000 -99.000 -99.000 -99.000 -9999.0 -9999.0 -9999.0 -9999.0 -9999.0
96408 20171016  2.515 -150.87   63.45    -4.2    -7.6    -5.9    -6.0     0.0     2.10 C    -4.3   -12.2    -7.2    89.2    68.0    75.4 -99.000 -99.000 -99.000 -99.000 -99.000 -9999.0 -9999.0 -9999.0 -9999.0 -9999.0
96408 20171017  2.515 -150.87   63.45    -4.8    -8.9    -6.8    -6.9     0.0     1.87 C    -4.9    -9.2    -7.3    85.0    72.3    77.5 -99.000 -99.000 -99.000 -99.000 -99.000 -9999.0 -9999.0 -9999.0 -9999.0 -9999.0
96408 20171018  2.515 -150.87   63.45    -4.7    -9.5    -7.1    -6.8     2.8     2.25 C    -4.7   -12.5    -7.7    94.2    72.2    85.1 -99.000 -99.000 -99.000 -99.000 -99.000 -9999.0 -9999.0 -9999.0 -9999.0 -9999.0
96408 20171019  2.515 -150.87   63.45    -9.1   -17.2   -13.2   -11.3     1.2     1.56 C    -9.5   -29.1   -13.4    94.2    78.9    87.6 -99.000 -99.000 -99.000 -99.000 -99.000 -9999.0 -9999.0 -9999.0 -9999.0 -9999.0
96408 20171020  2.515 -150.87   63.45   -11.4   -18.4   -14.9   -15.1     0.0     5.29 C   -16.9   -29.3   -21.8    89.4    47.2    73.1 -99.000 -99.000 -99.000 -99.000 -99.000 -9999.0 -9999.0 -9999.0 -9999.0 -9999.0
96408 20171021  2.515 -150.87   63.45    -9.8   -16.8   -13.3   -13.3     0.0     4.65 C   -15.3   -26.5   -20.0    70.2    33.5    54.2 -99.000 -99.000 -99.000 -99.000 -99.000 -9999.0 -9999.0 -9999.0 -9999.0 -9999.0
