96405 20170727  2.514 -145.35   60.47 -9999.0 -9999.0 -9999.0 -9999.0 -9999.0 -9999.00 U -9999.0 -9999.0 -9999.0 -9999.0 -9999.0 -9999.0 -99.000 -99.000 -99.000 -99.000 -99.000 -9999.0 -9999.0 -9999.0 -9999.0 -9999.0
96405 20170728  2.514 -145.35   60.47 -9999.0 -9999.0 -9999.0 -9999.0 -9999.0 -9999.00 U -9999.0 -9999.0 -9999.0 -9999.0 -9999.0 -9999.0 -99.000 -99.000 -99.000 -99.000 -99.000 -9999.0 -9999.0 -9999.0 -9999.0 -9999.0
96405 20170729  2.514 -145.35   60.47    18.0     7.8    12.9    12.7     0.8     8.04 C    24.5     9.4    15.9    98.8    69.4    86.3 -99.000 -99.000 -99.000 -99.000 -99.000 -9999.0 -9999.0 -9999.0 -9999.0 -9999.0
96405 20170730  2.514 -145.35   60.47    19.5     7.2    13.4    13.7     0.2    14.89 C    33.4     9.6    18.8    97.6    49.8    79.1 -99.000 -99.000 -99.000 -99.000 -99.000 -9999.0 -9999.0 -9999.0 -9999.0 -9999.0
96405 20170731  2.514 -145.35   60.47    17.1     5.9    11.5    11.9     4.2     5.54 C    23.9     7.9    15.2    97.9    66.6    89.0 -99.000 -99.000 -99.000 -99.000 -99.000 -9999.0 -9999.0 -9999.0 -9999.0 -9999.0
96405 20170801  2.514 -145.35   60.47 -9999.0 -9999.0 -9999.0 -9999.0     0.0     4.98 C    23.6    11.6    15.7    98.1    56.6    85.1 -99.000 -99.000 -99.000 -99.000 -99.000 -9999.0 -9999.0 -9999.0 -9999.0 -9999.0
96405 20170802  2.514 -145.35   60.47    14.8    10.3    12.5    12.6     0.0     2.18 C    18.8    12.3    14.8    98.5    90.9    96.4 -99.000 -99.000 -99.000 -99.000 -99.000 -9999.0 -9999.0 -9999.0 -9999.0 -9999.0
96405 20170803  2.514 -145.35   60.47    16.6    10.1    13.3    13.0     0.0     4.54 C    23.1    12.3    16.2    98.5    81.7    94.3 -99.000 -99.000 -99.000 -99.000 -99.000 -9999.0 -9999.0 -9999.0 -9999.0 -9999.0
96405 20170804  2.514 -145.35   60.47    21.3     6.9    14.1    14.3     0.0    14.12 C    31.0    10.2    19.1    97.8    53.9    78.5 -99.000 -99.000 -99.000 -99.000 -99.000 -9999.0 -9999.0 -9999.0 -9999.0 -9999.0
96405 20170805  2.514 -145.35   60.47    25.2     4.5    14.9    15.4     0.0    14.10 C    34.3     7.1    19.3    99.0    36.1    71.7 -99.000 -99.000 -99.000 -99.000 -99.000 -9999.0 -9999.0 -9999.0 -9999.0 -9999.0
96405 20170806  2.514 -145.35   60.47    19.8     7.9    13.9    14.6     0.0     9.68 C    32.5    10.8    19.7    99.6    69.6    87.5 -99.000 -99.000 -99.000 -99.000 -99.000 -9999.0 -9999.0 -9999.0 -9999.0 -9999.0
96405 20170807  2.514 -145.35   60.47    15.6    10.3    13.0    12.8     1.0     3.08 C    21.3    12.9    16.4    98.3    83.8    93.2 -99.000 -99.000 -99.000 -99.000 -99.000 -9999.0 -9999.0 -9999.0 -9999.0 -9999.0
96405 20170808  2.514 -145.35   60.47    18.4     7.3    12.9    13.4     0.0     7.75 C    29.5     9.5    17.5    95.2    67.1    81.5 -99.000 -99.000 -99.000 -99.000 -99.000 -9999.0 -9999.0 -9999.0 -9999.0 -9999.0
96405 20170809  2.514 -145.35   60.47    17.5     4.2    10.8    12.4     0.9     5.24 C    26.0     7.1    15.7    99.1    69.3    87.0 -99.000 -99.000 -99.000 -99.000 -99.000 -9999.0 -9999.0 -9999.0 -9999.0 -9999.0
96405 20170810  2.514 -145.35   60.47    17.5    10.6    14.1    12.9    14.5     4.25 C    23.3    12.8    16.0    98.1    70.3    93.7 -99.000 -99.000 -99.000 -99.000 -99.000 -9999.0 -9999.0 -9999.0 -9999.0 -9999.0
96405 20170811  2.514 -145.35   60.47    14.4     9.9    12.1    12.2    37.3     0.77 C    15.5    12.0    13.5    98.0    87.0    94.5 -99.000 -99.000 -99.000 -99.000 -99.000 -9999.0 -9999.0 -9999.0 -9999.0 -9999.0
96405 20170812  2.514 -145.35   60.47    15.0     9.9    12.4    12.6    29.6     2.64 C    19.5    11.5    14.2    97.9    81.8    93.6 -99.000 -99.000 -99.000 -99.000 -99.000 -9999.0 -9999.0 -9999.0 -9999.0 -9999.0
96405 20170813  2.514 -145.35   60.47    15.5     5.2    10.3    11.1    23.8     5.18 C    24.4     6.9    13.7    98.7    62.4    89.8 -99.000 -99.000 -99.000 -99.000 -99.000 -9999.0 -9999.0 -9999.0 -9999.0 -9999.0
96405 20170814  2.514 -145.35   60.47    14.9     2.7     8.8     9.3     0.0     7.19 C    21.8     3.7    11.9    99.7    53.4    85.0 -99.000 -99.000 -99.000 -99.000 -99.000 -9999.0 -9999.0 -9999.0 -9999.0 -9999.0
96405 20170815  2.514 -145.35   60.47    17.6     2.3    10.0    10.2     0.0    14.44 C    30.8     3.6    14.3    99.5    44.5    76.7 -99.000 -99.000 -99.000 -99.000 -99.000 -9999.0 -9999.0 -9999.0 -9999.0 -9999.0
96405 20170816  2.514 -145.35   60.47    13.3     1.5     7.4     8.6    19.9     2.00 C    14.4     4.3    10.0    99.4    77.4    93.0 -99.000 -99.000 -99.000 -99.000 -99.000 -9999.0 -9999.0 -9999.0 -9999.0 -9999.0
96405 20170817  2.514 -145.35   60.47    13.7     6.1     9.9     9.5    13.8     5.69 C    21.2     8.2    12.3    97.2    66.1    87.6 -99.000 -99.000 -99.000 -99.000 -99.000 -9999.0 -9999.0 -9999.0 -9999.0 -9999.0
96405 20170818  2.514 -145.35   60.47    13.1     5.9     9.5     9.7     3.8     4.62 C    20.8     7.9    12.4    98.5    70.8    87.7 -99.000 -99.000 -99.000 -99.000 -99.000 -9999.0 -9999.0 -9999.0 -9999.0 -9999.0
96405 20170819  2.514 -145.35   60.47    13.6     8.2    10.9    10.5    12.4     4.12 C    18.7     9.7    13.0    98.1    75.3    90.3 -99.000 -99.000 -99.000 -99.000 -99.000 -9999.0 -9999.0 -9999.0 -9999.0 -9999.0
96405 20170820  2.514 -145.35   60.47    14.0     9.1    11.6    11.6     5.4     2.09 C    14.6     9.8    12.0    97.2    66.7    84.9 -99.000 -99.000 -99.000 -99.000 -99.000 -9999.0 -9999.0 -9999.0 -9999.0 -9999.0
96405 20170821  2.514 -145.35   60.47    15.4     9.2    12.3    12.5     6.1     2.38 C    17.1    10.6    13.1    97.6    71.5    87.0 -99.000 -99.000 -99.000 -99.000 -99.000 -9999.0 -9999.0 -9999.0 -9999.0 -9999.0
96405 20170822  2.514 -145.35   60.47    17.8     8.9    13.4    13.0     1.6     6.25 C    23.3    10.6    15.2    98.1    68.7    87.4 -99.000 -99.000 -99.000 -99.000 -99.000 -9999.0 -9999.0 -9999.0 -9999.0 -9999.0
96405 20170823  2.514 -145.35   60.47    15.7     8.9    12.3    12.1     2.1     5.83 C    21.6    10.7    14.8    98.0    64.7    86.5 -99.000 -99.000 -99.000 -99.000 -99.000 -9999.0 -9999.0 -9999.0 -9999.0 -9999.0
96405 20170824  2.514 -145.35   60.47    12.6    10.4    11.5    11.4    20.1     2.69 C    16.1    10.3    12.1    91.2    78.2    85.1 -99.000 -99.000 -99.000 -99.000 -99.000 -9999.0 -9999.0 -9999.0 -9999.0 -9999.0
96405 20170825  2.514 -145.35   60.47    12.6    10.0    11.3    11.6    19.0     1.90 C    14.7    10.2    11.9    94.0    77.3    86.4 -99.000 -99.000 -99.000 -99.000 -99.000 -9999.0 -9999.0 -9999.0 -9999.0 -9999.0
96405 20170826  2.514 -145.35   60.47    12.3     8.5    10.4    10.9     8.2     3.48 C    17.0     9.5    12.0    96.6    68.7    85.4 -99.000 -99.000 -99.000 -99.000 -99.000 -9999.0 -9999.0 -9999.0 -9999.0 -9999.0
96405 20170827  2.514 -145.35   60.47    13.1     6.2     9.7    10.3     1.0     3.35 C    17.5     7.7    11.7    97.9    70.8    86.6 -99.000 -99.000 -99.000 -99.000 -99.000 -9999.0 -9999.0 -9999.0 -9999.0 -9999.0
96405 20170828  2.514 -145.35   60.47    14.4    10.0    12.2    12.0    22.0     4.65 C    18.5     9.3    12.3    94.2    51.2    75.2 -99.000 -99.000 -99.000 -99.000 -99.000 -9999.0 -9999.0 -9999.0 -9999.0 -9999.0
96405 20170829  2.514 -145.35   60.47    13.8     0.0     6.9    12.9   164.3     0.05 C    13.3     0.0    12.1    97.3    84.2    90.9 -99.000 -99.000 -99.000 -99.000 -99.000 -9999.0 -9999.0 -9999.0 -9999.0 -9999.0
96405 20170830  2.514 -145.35   60.47 -9999.0 -9999.0 -9999.0 -9999.0    59.6     0.00 U -9999.0 -9999.0 -9999.0 -9999.0 -9999.0 -9999.0 -99.000 -99.000 -99.000 -99.000 -99.000 -9999.0 -9999.0 -9999.0 -9999.0 -9999.0
96405 20170831  2.514 -145.35   60.47 -9999.0 -9999.0 -9999.0 -9999.0    30.5     0.01 U -9999.0 -9999.0 -9999.0 -9999.0 -9999.0 -9999.0 -99.000 -99.000 -99.000 -99.000 -99.000 -9999.0 -9999.0 -9999.0 -9999.0 -9999.0
96405 20170901  2.514 -145.35   60.47 -9999.0 -9999.0 -9999.0 -9999.0    16.7     0.01 U -9999.0 -9999.0 -9999.0 -9999.0 -9999.0 -9999.0 -99.000 -99.000 -99.000 -99.000 -99.000 -9999.0 -9999.0 -9999.0 -9999.0 -9999.0
96405 20170902  2.514 -145.35   60.47 -9999.0 -9999.0 -9999.0 -9999.0     0.4     0.08 U -9999.0 -9999.0 -9999.0 -9999.0 -9999.0 -9999.0 -99.000 -99.000 -99.000 -99.000 -99.000 -9999.0 -9999.0 -9999.0 -9999.0 -9999.0
96405 20170903  2.514 -145.35   60.47 -9999.0 -9999.0 -9999.0 -9999.0     0.0     3.11 U -9999.0 -9999.0 -9999.0 -9999.0 -9999.0 -9999.0 -99.000 -99.000 -99.000 -99.000 -99.000 -9999.0 -9999.0 -9999.0 -9999.0 -9999.0
96405 20170904  2.514 -145.35   60.47    14.2     9.4    11.8    11.9     0.0     2.98 C    19.3     9.0    12.8 -9999.0 -9999.0 -9999.0 -99.000 -99.000 -99.000 -99.000 -99.000 -9999.0 -9999.0 -9999.0 -9999.0 -9999.0
96405 20170905  2.514 -145.35   60.47    17.5     8.4    13.0    12.9     0.0     0.25 C    15.6    10.0    12.6 -9999.0 -9999.0 -9999.0 -99.000 -99.000 -99.000 -99.000 -99.000 -9999.0 -9999.0 -9999.0 -9999.0 -9999.0
96405 20170906  2.514 -145.35   60.47    13.2     5.5     9.3    10.6     0.0     2.28 C    16.2     6.1    11.8 -9999.0 -9999.0 -9999.0 -99.000 -99.000 -99.000 -99.000 -99.000 -9999.0 -9999.0 -9999.0 -9999.0 -9999.0
96405 20170907  2.514 -145.35   60.47    13.2     1.9     7.6     8.4     0.0     3.00 C    16.1     3.1     9.3 -9999.0 -9999.0 -9999.0 -99.000 -99.000 -99.000 -99.000 -99.000 -9999.0 -9999.0 -9999.0 -9999.0 -9999.0
96405 20170908  2.514 -145.35   60.47    12.9     7.5    10.2    10.0     0.0     2.17 C    14.9     8.5    10.8 -9999.0 -9999.0 -9999.0 -99.000 -99.000 -99.000 -99.000 -99.000 -9999.0 -9999.0 -9999.0 -9999.0 -9999.0
96405 20170909  2.514 -145.35   60.47    12.3     6.7     9.5     9.3     0.0     1.07 C    13.7     7.5    10.1 -9999.0 -9999.0 -9999.0 -99.000 -99.000 -99.000 -99.000 -99.000 -9999.0 -9999.0 -9999.0 -9999.0 -9999.0
96405 20170910  2.514 -145.35   60.47    11.5     7.7     9.6     9.1     0.0     1.35 C    13.8     8.6    10.2 -9999.0 -9999.0 -9999.0 -99.000 -99.000 -99.000 -99.000 -99.000 -9999.0 -9999.0 -9999.0 -9999.0 -9999.0
96405 20170911  2.514 -145.35   60.47    14.4     5.3     9.9     9.5     0.0     7.20 C    23.4     6.4    12.5 -9999.0 -9999.0 -9999.0 -99.000 -99.000 -99.000 -99.000 -99.000 -9999.0 -9999.0 -9999.0 -9999.0 -9999.0
96405 20170912  2.514 -145.35   60.47    12.2     4.8     8.5     8.5     0.0     2.45 C    18.3     5.5    10.6 -9999.0 -9999.0 -9999.0 -99.000 -99.000 -99.000 -99.000 -99.000 -9999.0 -9999.0 -9999.0 -9999.0 -9999.0
96405 20170913  2.514 -145.35   60.47    11.2     6.7     8.9     8.7     0.0     2.19 C    15.4     8.6    10.9 -9999.0 -9999.0 -9999.0 -99.000 -99.000 -99.000 -99.000 -99.000 -9999.0 -9999.0 -9999.0 -9999.0 -9999.0
96405 20170914  2.514 -145.35   60.47    10.3     7.2     8.8     8.9     0.0     1.43 C    12.6     8.5    10.1 -9999.0 -9999.0 -9999.0 -99.000 -99.000 -99.000 -99.000 -99.000 -9999.0 -9999.0 -9999.0 -9999.0 -9999.0
96405 20170915  2.514 -145.35   60.47    12.6     8.3    10.4    10.3     0.0     4.11 C    17.1     8.1    11.1 -9999.0 -9999.0 -9999.0 -99.000 -99.000 -99.000 -99.000 -99.000 -9999.0 -9999.0 -9999.0 -9999.0 -9999.0
96405 20170916  2.514 -145.35   60.47    11.9     9.4    10.6    10.5     0.0     1.64 C    12.5     8.6     9.9 -9999.0 -9999.0 -9999.0 -99.000 -99.000 -99.000 -99.000 -99.000 -9999.0 -9999.0 -9999.0 -9999.0 -9999.0
96405 20170917  2.514 -145.35   60.47    12.5     6.0     9.2     9.7     0.0     2.28 C    15.2     6.6    10.4 -9999.0 -9999.0 -9999.0 -99.000 -99.000 -99.000 -99.000 -99.000 -9999.0 -9999.0 -9999.0 -9999.0 -9999.0
96405 20170918  2.514 -145.35   60.47    12.7     3.0     7.9     7.4     0.0     2.52 C    15.0     4.3     8.8 -9999.0 -9999.0 -9999.0 -99.000 -99.000 -99.000 -99.000 -99.000 -9999.0 -9999.0 -9999.0 -9999.0 -9999.0
96405 20170919  2.514 -145.35   60.47    17.0     1.2     9.1     8.2     0.0     6.83 C    21.6     2.1     8.4    99.9    46.1    81.1 -99.000 -99.000 -99.000 -99.000 -99.000 -9999.0 -9999.0 -9999.0 -9999.0 -9999.0
96405 20170920  2.514 -145.35   60.47    15.3     0.1     7.7     7.3     0.0     5.56 C    20.5     0.7     8.0 -9999.0 -9999.0 -9999.0 -99.000 -99.000 -99.000 -99.000 -99.000 -9999.0 -9999.0 -9999.0 -9999.0 -9999.0
96405 20170921  2.514 -145.35   60.47    10.6     3.5     7.0     8.6     6.8     0.51 C    10.4     5.4     8.4 -9999.0 -9999.0 -9999.0 -99.000 -99.000 -99.000 -99.000 -99.000 -9999.0 -9999.0 -9999.0 -9999.0 -9999.0
96405 20170922  2.514 -145.35   60.47    11.1     9.7    10.4    10.4    34.3     0.30 C    11.9     8.8    10.1 -9999.0 -9999.0 -9999.0 -99.000 -99.000 -99.000 -99.000 -99.000 -9999.0 -9999.0 -9999.0 -9999.0 -9999.0
96405 20170923  2.514 -145.35   60.47    13.7     8.6    11.2    11.3     6.6     1.72 C    16.0     9.1    10.9 -9999.0 -9999.0 -9999.0 -99.000 -99.000 -99.000 -99.000 -99.000 -9999.0 -9999.0 -9999.0 -9999.0 -9999.0
96405 20170924  2.514 -145.35   60.47    11.8     8.6    10.2     9.9    43.9     1.84 C    14.0     8.7    10.5 -9999.0 -9999.0 -9999.0 -99.000 -99.000 -99.000 -99.000 -99.000 -9999.0 -9999.0 -9999.0 -9999.0 -9999.0
96405 20170925  2.514 -145.35   60.47    12.4     5.3     8.8     8.5     5.7     4.42 C    19.0     6.6    10.2 -9999.0 -9999.0 -9999.0 -99.000 -99.000 -99.000 -99.000 -99.000 -9999.0 -9999.0 -9999.0 -9999.0 -9999.0
96405 20170926  2.514 -145.35   60.47    13.7     5.1     9.4     9.4     0.7     3.13 C    16.2     6.3    10.4 -9999.0 -9999.0 -9999.0 -99.000 -99.000 -99.000 -99.000 -99.000 -9999.0 -9999.0 -9999.0 -9999.0 -9999.0
96405 20170927  2.514 -145.35   60.47    15.4    10.7    13.1    13.2    11.0     1.47 C    15.8    10.6    12.4    97.1    66.1    84.1 -99.000 -99.000 -99.000 -99.000 -99.000 -9999.0 -9999.0 -9999.0 -9999.0 -9999.0
96405 20170928  2.514 -145.35   60.47    10.9     7.6     9.2     9.5    40.2     0.87 C    12.5     7.1     9.7    97.7    84.1    91.2 -99.000 -99.000 -99.000 -99.000 -99.000 -9999.0 -9999.0 -9999.0 -9999.0 -9999.0
96405 20170929  2.514 -145.35   60.47    13.1     0.3     6.7     7.7     0.4     4.44 C    17.2     1.9     8.4    99.4    64.9    89.7 -99.000 -99.000 -99.000 -99.000 -99.000 -9999.0 -9999.0 -9999.0 -9999.0 -9999.0
96405 20170930  2.514 -145.35   60.47    13.2    -0.9     6.1     5.2     0.0     5.07 C    16.9     0.0     5.6    99.7    61.5    89.2 -99.000 -99.000 -99.000 -99.000 -99.000 -9999.0 -9999.0 -9999.0 -9999.0 -9999.0
96405 20171001  2.514 -145.35   60.47    12.0     1.0     6.5     8.1     0.0     3.34 C    14.1     1.4     7.6    99.7    59.0    79.4 -99.000 -99.000 -99.000 -99.000 -99.000 -9999.0 -9999.0 -9999.0 -9999.0 -9999.0
96405 20171002  2.514 -145.35   60.47    11.3     7.1     9.2     8.5    64.8     0.87 C    10.2     6.6     7.8    97.5    61.4    85.3 -99.000 -99.000 -99.000 -99.000 -99.000 -9999.0 -9999.0 -9999.0 -9999.0 -9999.0
96405 20171003  2.514 -145.35   60.47    12.7     8.3    10.5    10.6     8.4     0.42 C    11.0     8.2     9.6    98.9    76.8    88.6 -99.000 -99.000 -99.000 -99.000 -99.000 -9999.0 -9999.0 -9999.0 -9999.0 -9999.0
96405 20171004  2.514 -145.35   60.47    12.6     9.5    11.0    10.6    28.1     0.47 C    12.0     9.4    10.1    97.6    75.0    90.6 -99.000 -99.000 -99.000 -99.000 -99.000 -9999.0 -9999.0 -9999.0 -9999.0 -9999.0
96405 20171005  2.514 -145.35   60.47    10.1     5.6     7.9     7.8    48.2     0.13 C     9.7     6.4     8.0    98.9    77.3    93.6 -99.000 -99.000 -99.000 -99.000 -99.000 -9999.0 -9999.0 -9999.0 -9999.0 -9999.0
96405 20171006  2.514 -145.35   60.47    12.5     1.7     7.1     6.4     2.9     4.66 C    14.8     1.7     6.3    99.6    59.8    88.9 -99.000 -99.000 -99.000 -99.000 -99.000 -9999.0 -9999.0 -9999.0 -9999.0 -9999.0
96405 20171007  2.514 -145.35   60.47    12.9    -0.3     6.3     6.4    11.8     4.06 C    14.5    -0.9     5.7    99.7    56.1    87.3 -99.000 -99.000 -99.000 -99.000 -99.000 -9999.0 -9999.0 -9999.0 -9999.0 -9999.0
96405 20171008  2.514 -145.35   60.47     7.4     0.6     4.0     5.3    31.9     1.02 C     9.9     0.9     5.8    99.8    80.7    92.8 -99.000 -99.000 -99.000 -99.000 -99.000 -9999.0 -9999.0 -9999.0 -9999.0 -9999.0
96405 20171009  2.514 -145.35   60.47    13.2    -0.4     6.4     5.0 -9999.0     4.52 C    13.7    -1.0     3.6    99.7    39.1    81.8 -99.000 -99.000 -99.000 -99.000 -99.000 -9999.0 -9999.0 -9999.0 -9999.0 -9999.0
96405 20171010  2.514 -145.35   60.47     9.8    -1.9     4.0     2.7     0.0     3.28 C    10.1    -2.2     2.3    98.9    45.9    86.2 -99.000 -99.000 -99.000 -99.000 -99.000 -9999.0 -9999.0 -9999.0 -9999.0 -9999.0
96405 20171011  2.514 -145.35   60.47     7.8    -2.4     2.7     1.8     0.0     2.56 C     9.0    -2.4     1.3    98.9    62.6    90.4 -99.000 -99.000 -99.000 -99.000 -99.000 -9999.0 -9999.0 -9999.0 -9999.0 -9999.0
96405 20171012  2.514 -145.35   60.47     9.9    -2.5     3.7     3.7     2.3     2.08 C     9.6    -2.5     2.9    98.8    43.4    80.6 -99.000 -99.000 -99.000 -99.000 -99.000 -9999.0 -9999.0 -9999.0 -9999.0 -9999.0
96405 20171013  2.514 -145.35   60.47     7.5     1.7     4.6     5.6     9.5     0.66 C     8.4     0.8     5.2    99.9    79.9    94.1 -99.000 -99.000 -99.000 -99.000 -99.000 -9999.0 -9999.0 -9999.0 -9999.0 -9999.0
96405 20171014  2.514 -145.35   60.47     7.2    -1.7     2.7     2.4     2.9     0.82 C     6.7    -1.9     2.1    99.8    75.9    96.4 -99.000 -99.000 -99.000 -99.000 -99.000 -9999.0 -9999.0 -9999.0 -9999.0 -9999.0
96405 20171015  2.514 -145.35   60.47     8.4    -3.1     2.6     2.2     0.7     3.81 C     8.8    -2.8     1.3    99.6    46.4    85.3 -99.000 -99.000 -99.000 -99.000 -99.000 -9999.0 -9999.0 -9999.0 -9999.0 -9999.0
96405 20171016  2.514 -145.35   60.47     6.7    -0.7     3.0     2.4     0.2     1.93 C     8.8    -1.3     2.7    99.2    64.8    90.1 -99.000 -99.000 -99.000 -99.000 -99.000 -9999.0 -9999.0 -9999.0 -9999.0 -9999.0
96405 20171017  2.514 -145.35   60.47     6.1    -1.0     2.5     2.7     0.0     1.95 C     9.5    -1.5     1.7    99.2    57.0    78.4 -99.000 -99.000 -99.000 -99.000 -99.000 -9999.0 -9999.0 -9999.0 -9999.0 -9999.0
96405 20171018  2.514 -145.35   60.47     6.4    -5.1     0.6     1.2     0.0     1.71 C     5.3    -4.1     0.0    96.8    46.9    77.6 -99.000 -99.000 -99.000 -99.000 -99.000 -9999.0 -9999.0 -9999.0 -9999.0 -9999.0
96405 20171019  2.514 -145.35   60.47     4.5    -7.3    -1.4    -2.3     0.0     3.18 C     1.8    -5.9    -3.0    96.8    34.7    80.3 -99.000 -99.000 -99.000 -99.000 -99.000 -9999.0 -9999.0 -9999.0 -9999.0 -9999.0
96405 20171020  2.514 -145.35   60.47     3.1    -8.3    -2.6    -1.7     0.0     1.67 C     0.8    -7.0    -2.4    96.1    50.0    80.2 -99.000 -99.000 -99.000 -99.000 -99.000 -9999.0 -9999.0 -9999.0 -9999.0 -9999.0
96405 20171021  2.514 -145.35   60.47     7.0    -4.3     1.4     1.6     0.0     2.15 C     4.5    -3.4    -0.9    97.3    46.9    72.0 -99.000 -99.000 -99.000 -99.000 -99.000 -9999.0 -9999.0 -9999.0 -9999.0 -9999.0
