26494 20140101  2.424 -147.51   64.97    -2.3   -11.4    -6.9    -6.4     0.0     0.00 C    -5.9   -19.4   -10.7    90.9    56.0    79.7 -99.000 -99.000 -99.000 -99.000 -99.000 -9999.0 -9999.0 -9999.0 -9999.0 -9999.0
26494 20140102  2.424 -147.51   64.97   -10.1   -15.2   -12.7   -13.4     1.3     0.00 C   -10.4   -20.3   -14.3    88.8    80.5    84.9 -99.000 -99.000 -99.000 -99.000 -99.000 -9999.0 -9999.0 -9999.0 -9999.0 -9999.0
26494 20140103  2.424 -147.51   64.97    -4.9   -13.7    -9.3    -8.8     0.0     0.00 C    -7.2   -20.1   -12.1    90.8    76.7    84.4 -99.000 -99.000 -99.000 -99.000 -99.000 -9999.0 -9999.0 -9999.0 -9999.0 -9999.0
26494 20140104  2.424 -147.51   64.97    -4.5   -10.7    -7.6    -7.3     2.8     0.00 C    -5.3   -18.8   -11.2    90.2    64.5    83.4 -99.000 -99.000 -99.000 -99.000 -99.000 -9999.0 -9999.0 -9999.0 -9999.0 -9999.0
26494 20140105  2.424 -147.51   64.97    -5.0    -7.8    -6.4    -6.3     2.4     0.00 C    -5.6   -12.9    -7.8    91.9    68.5    80.7 -99.000 -99.000 -99.000 -99.000 -99.000 -9999.0 -9999.0 -9999.0 -9999.0 -9999.0
26494 20140106  2.424 -147.51   64.97     0.1    -8.1    -4.0    -4.8     0.0     0.00 C    -2.9   -16.3    -9.9    93.0    70.5    88.4 -99.000 -99.000 -99.000 -99.000 -99.000 -9999.0 -9999.0 -9999.0 -9999.0 -9999.0
26494 20140107  2.424 -147.51   64.97    -4.8    -8.9    -6.9    -6.3     0.0     0.00 C    -6.9   -16.7   -11.8    91.9    85.3    89.5 -99.000 -99.000 -99.000 -99.000 -99.000 -9999.0 -9999.0 -9999.0 -9999.0 -9999.0
26494 20140108  2.424 -147.51   64.97    -5.7   -11.1    -8.4    -8.5     0.0     0.00 C    -6.2   -13.5    -9.6    92.2    84.3    89.3 -99.000 -99.000 -99.000 -99.000 -99.000 -9999.0 -9999.0 -9999.0 -9999.0 -9999.0
26494 20140109  2.424 -147.51   64.97   -11.0   -18.1   -14.6   -14.2     1.9     0.00 C   -11.5   -24.2   -17.0    87.7    80.0    83.7 -99.000 -99.000 -99.000 -99.000 -99.000 -9999.0 -9999.0 -9999.0 -9999.0 -9999.0
26494 20140110  2.424 -147.51   64.97   -16.1   -21.4   -18.7   -18.6     0.0     0.00 C   -16.8   -32.1   -25.0    83.3    65.2    78.2 -99.000 -99.000 -99.000 -99.000 -99.000 -9999.0 -9999.0 -9999.0 -9999.0 -9999.0
26494 20140111  2.424 -147.51   64.97   -18.7   -28.1   -23.4   -24.0     0.0     0.00 C   -28.1   -37.8   -33.4    74.7    52.9    69.2 -99.000 -99.000 -99.000 -99.000 -99.000 -9999.0 -9999.0 -9999.0 -9999.0 -9999.0
26494 20140112  2.424 -147.51   64.97   -23.3   -27.2   -25.3   -25.2     0.0     0.00 C   -29.8   -36.9   -34.3    75.4    64.2    70.6 -99.000 -99.000 -99.000 -99.000 -99.000 -9999.0 -9999.0 -9999.0 -9999.0 -9999.0
26494 20140113  2.424 -147.51   64.97    -6.9   -27.8   -17.4   -18.9     0.0     0.00 C   -12.7   -37.1   -22.3    84.8    58.6    74.3 -99.000 -99.000 -99.000 -99.000 -99.000 -9999.0 -9999.0 -9999.0 -9999.0 -9999.0
26494 20140114  2.424 -147.51   64.97    -6.1   -24.3   -15.2   -14.6     0.2     0.00 C   -10.5   -27.9   -17.1    87.9    61.6    82.2 -99.000 -99.000 -99.000 -99.000 -99.000 -9999.0 -9999.0 -9999.0 -9999.0 -9999.0
26494 20140115  2.424 -147.51   64.97    -6.3   -22.3   -14.3   -15.2     0.4     0.00 C    -7.7   -23.2   -16.6    85.8    76.5    80.8 -99.000 -99.000 -99.000 -99.000 -99.000 -9999.0 -9999.0 -9999.0 -9999.0 -9999.0
26494 20140116  2.424 -147.51   64.97    -4.4   -13.6    -9.0    -9.2     2.0     0.00 C    -6.7   -12.2    -9.2    91.4    76.1    86.6 -99.000 -99.000 -99.000 -99.000 -99.000 -9999.0 -9999.0 -9999.0 -9999.0 -9999.0
26494 20140117  2.424 -147.51   64.97     2.6    -9.5    -3.4    -2.3     0.0     0.00 C    -1.2   -11.6    -5.8    91.7    54.8    77.2 -99.000 -99.000 -99.000 -99.000 -99.000 -9999.0 -9999.0 -9999.0 -9999.0 -9999.0
26494 20140118  2.424 -147.51   64.97    -5.5   -13.6    -9.6   -10.0     0.0     0.10 C    -6.6   -14.7   -10.1    88.8    79.6    84.8 -99.000 -99.000 -99.000 -99.000 -99.000 -9999.0 -9999.0 -9999.0 -9999.0 -9999.0
26494 20140119  2.424 -147.51   64.97    -2.6   -13.2    -7.9    -6.8     0.0     0.04 C    -6.2   -17.8   -11.2    90.4    55.8    76.6 -99.000 -99.000 -99.000 -99.000 -99.000 -9999.0 -9999.0 -9999.0 -9999.0 -9999.0
26494 20140120  2.424 -147.51   64.97     5.9    -4.8     0.6     1.5     0.0     0.03 C    -1.2   -11.3    -5.2    69.4    36.6    50.0 -99.000 -99.000 -99.000 -99.000 -99.000 -9999.0 -9999.0 -9999.0 -9999.0 -9999.0
26494 20140121  2.424 -147.51   64.97     6.0    -1.8     2.1     2.4     0.0     0.10 C    -1.3    -7.3    -4.0    72.9    31.4    52.6 -99.000 -99.000 -99.000 -99.000 -99.000 -9999.0 -9999.0 -9999.0 -9999.0 -9999.0
26494 20140122  2.424 -147.51   64.97     5.8    -2.5     1.7     0.5     0.0     0.03 C    -0.4    -6.9    -3.3    96.1    52.5    74.8 -99.000 -99.000 -99.000 -99.000 -99.000 -9999.0 -9999.0 -9999.0 -9999.0 -9999.0
26494 20140123  2.424 -147.51   64.97     6.5     1.3     3.9     3.6     2.8     0.08 C     0.1    -3.6    -1.1    95.4    54.2    77.7 -99.000 -99.000 -99.000 -99.000 -99.000 -9999.0 -9999.0 -9999.0 -9999.0 -9999.0
26494 20140124  2.424 -147.51   64.97     9.1    -0.2     4.4     5.0     1.5     0.03 C     0.2    -5.6    -1.4    91.5    43.9    70.8 -99.000 -99.000 -99.000 -99.000 -99.000 -9999.0 -9999.0 -9999.0 -9999.0 -9999.0
26494 20140125  2.424 -147.51   64.97     9.5     1.3     5.4     5.7     0.0     0.00 C     0.0    -5.2    -1.6    84.2    46.8    59.3 -99.000 -99.000 -99.000 -99.000 -99.000 -9999.0 -9999.0 -9999.0 -9999.0 -9999.0
26494 20140126  2.424 -147.51   64.97    10.7     1.4     6.1     7.5     0.0     0.25 C     0.0    -3.5    -1.0    68.4    34.9    48.4 -99.000 -99.000 -99.000 -99.000 -99.000 -9999.0 -9999.0 -9999.0 -9999.0 -9999.0
26494 20140127  2.424 -147.51   64.97     8.0     0.7     4.4     3.6     0.0     0.00 C    -1.5    -6.6    -4.5    74.0    39.0    59.4 -99.000 -99.000 -99.000 -99.000 -99.000 -9999.0 -9999.0 -9999.0 -9999.0 -9999.0
26494 20140128  2.424 -147.51   64.97     3.3    -5.8    -1.2    -2.3     0.0     0.04 C    -4.8   -11.1    -8.0    89.1    57.3    76.6 -99.000 -99.000 -99.000 -99.000 -99.000 -9999.0 -9999.0 -9999.0 -9999.0 -9999.0
26494 20140129  2.424 -147.51   64.97    -1.0    -5.6    -3.3    -3.7     0.0     0.00 C    -6.4   -13.6   -10.7    90.1    72.7    83.4 -99.000 -99.000 -99.000 -99.000 -99.000 -9999.0 -9999.0 -9999.0 -9999.0 -9999.0
26494 20140130  2.424 -147.51   64.97    -4.6   -10.3    -7.4    -7.1     0.0     0.12 C   -10.4   -16.4   -14.2    92.5    83.9    89.8 -99.000 -99.000 -99.000 -99.000 -99.000 -9999.0 -9999.0 -9999.0 -9999.0 -9999.0
26494 20140131  2.424 -147.51   64.97    -8.1   -12.3   -10.2    -9.7     0.0     0.33 C   -11.2   -17.8   -15.6    90.2    85.9    88.3 -99.000 -99.000 -99.000 -99.000 -99.000 -9999.0 -9999.0 -9999.0 -9999.0 -9999.0
26494 20140201  2.424 -147.51   64.97    -6.1   -10.1    -8.1    -7.9     0.0     0.19 C    -5.6   -11.8    -7.9    91.3    86.5    89.3 -99.000 -99.000 -99.000 -99.000 -99.000 -9999.0 -9999.0 -9999.0 -9999.0 -9999.0
26494 20140202  2.424 -147.51   64.97    -3.5    -9.5    -6.5    -6.3     0.0     0.70 C    -6.6   -11.6    -8.3    89.6    48.7    77.3 -99.000 -99.000 -99.000 -99.000 -99.000 -9999.0 -9999.0 -9999.0 -9999.0 -9999.0
26494 20140203  2.424 -147.51   64.97    -2.9    -8.3    -5.6    -4.5     0.0     0.74 C    -7.6   -15.7   -10.8    59.1    32.7    47.2 -99.000 -99.000 -99.000 -99.000 -99.000 -9999.0 -9999.0 -9999.0 -9999.0 -9999.0
26494 20140204  2.424 -147.51   64.97    -5.8   -11.4    -8.6    -7.8     0.0     1.01 C   -14.7   -19.0   -17.0    57.0    36.6    44.6 -99.000 -99.000 -99.000 -99.000 -99.000 -9999.0 -9999.0 -9999.0 -9999.0 -9999.0
26494 20140205  2.424 -147.51   64.97    -9.4   -12.6   -11.0   -11.3     0.5     0.29 C    -9.4   -19.0   -13.4    90.2    50.9    70.6 -99.000 -99.000 -99.000 -99.000 -99.000 -9999.0 -9999.0 -9999.0 -9999.0 -9999.0
26494 20140206  2.424 -147.51   64.97    -8.5   -14.2   -11.4   -11.3     4.2     0.02 C    -9.0   -23.0   -13.0    89.5    78.5    86.7 -99.000 -99.000 -99.000 -99.000 -99.000 -9999.0 -9999.0 -9999.0 -9999.0 -9999.0
26494 20140207  2.424 -147.51   64.97   -11.4   -15.3   -13.3   -13.2     0.3     0.55 C   -14.2   -24.4   -19.2    79.6    54.4    63.3 -99.000 -99.000 -99.000 -99.000 -99.000 -9999.0 -9999.0 -9999.0 -9999.0 -9999.0
26494 20140208  2.424 -147.51   64.97   -13.5   -19.0   -16.2   -15.2     0.2     1.46 C   -17.3   -28.1   -21.4    59.3    43.1    52.3 -99.000 -99.000 -99.000 -99.000 -99.000 -9999.0 -9999.0 -9999.0 -9999.0 -9999.0
26494 20140209  2.424 -147.51   64.97   -16.6   -23.7   -20.2   -19.8     0.3     1.61 C   -20.5   -31.9   -26.0    70.9    37.9    52.7 -99.000 -99.000 -99.000 -99.000 -99.000 -9999.0 -9999.0 -9999.0 -9999.0 -9999.0
26494 20140210  2.424 -147.51   64.97   -16.3   -23.9   -20.1   -19.6     0.2     1.80 C   -22.5   -32.8   -27.2    72.2    39.0    51.6 -99.000 -99.000 -99.000 -99.000 -99.000 -9999.0 -9999.0 -9999.0 -9999.0 -9999.0
26494 20140211  2.424 -147.51   64.97   -22.5   -27.2   -24.9   -24.5     0.0     1.43 C   -25.4   -33.6   -30.6    77.1    68.7    73.5 -99.000 -99.000 -99.000 -99.000 -99.000 -9999.0 -9999.0 -9999.0 -9999.0 -9999.0
26494 20140212  2.424 -147.51   64.97   -24.3   -28.7   -26.5   -26.9     0.2     1.98 C   -25.1   -34.5   -30.9    76.6    66.7    72.0 -99.000 -99.000 -99.000 -99.000 -99.000 -9999.0 -9999.0 -9999.0 -9999.0 -9999.0
26494 20140213  2.424 -147.51   64.97   -17.9   -28.4   -23.2   -21.9     0.0     1.58 C   -18.3   -31.6   -23.5    73.8    42.2    59.4 -99.000 -99.000 -99.000 -99.000 -99.000 -9999.0 -9999.0 -9999.0 -9999.0 -9999.0
26494 20140214  2.424 -147.51   64.97   -17.0   -24.5   -20.7   -20.3     0.3     2.50 C   -19.7   -31.1   -25.3    76.7    44.5    60.1 -99.000 -99.000 -99.000 -99.000 -99.000 -9999.0 -9999.0 -9999.0 -9999.0 -9999.0
26494 20140215  2.424 -147.51   64.97   -11.8   -17.9   -14.9   -15.3     0.3     0.81 C   -12.6   -21.1   -16.0    69.4    47.7    55.5 -99.000 -99.000 -99.000 -99.000 -99.000 -9999.0 -9999.0 -9999.0 -9999.0 -9999.0
26494 20140216  2.424 -147.51   64.97   -13.7   -20.1   -16.9   -17.3     7.6     0.89 C   -13.5   -28.8   -20.9    84.2    70.4    79.0 -99.000 -99.000 -99.000 -99.000 -99.000 -9999.0 -9999.0 -9999.0 -9999.0 -9999.0
26494 20140217  2.424 -147.51   64.97   -11.9   -22.9   -17.4   -17.3     0.0     1.46 C   -13.9   -31.0   -24.1    81.1    52.4    70.6 -99.000 -99.000 -99.000 -99.000 -99.000 -9999.0 -9999.0 -9999.0 -9999.0 -9999.0
26494 20140218  2.424 -147.51   64.97   -14.1   -21.4   -17.7   -17.8     0.0     3.34 C   -17.5   -29.5   -23.7    80.2    54.1    70.9 -99.000 -99.000 -99.000 -99.000 -99.000 -9999.0 -9999.0 -9999.0 -9999.0 -9999.0
26494 20140219  2.424 -147.51   64.97   -16.8   -24.5   -20.6   -20.8     0.0     3.50 C   -20.4   -30.4   -26.2    80.1    55.9    70.9 -99.000 -99.000 -99.000 -99.000 -99.000 -9999.0 -9999.0 -9999.0 -9999.0 -9999.0
26494 20140220  2.424 -147.51   64.97   -22.0   -27.1   -24.6   -24.5     0.3     2.33 C   -25.5   -33.9   -30.5    77.3    69.0    72.8 -99.000 -99.000 -99.000 -99.000 -99.000 -9999.0 -9999.0 -9999.0 -9999.0 -9999.0
26494 20140221  2.424 -147.51   64.97   -13.4   -23.0   -18.2   -18.5     0.0     3.92 C   -21.2   -31.2   -27.0    78.4    56.5    70.9 -99.000 -99.000 -99.000 -99.000 -99.000 -9999.0 -9999.0 -9999.0 -9999.0 -9999.0
26494 20140222  2.424 -147.51   64.97    -2.7   -17.2   -10.0    -9.9     0.0     4.29 C   -11.0   -27.2   -20.5    79.3    21.8    44.7 -99.000 -99.000 -99.000 -99.000 -99.000 -9999.0 -9999.0 -9999.0 -9999.0 -9999.0
26494 20140223  2.424 -147.51   64.97    -7.2   -14.2   -10.7   -10.6     0.0     4.47 C   -15.4   -25.1   -21.1    50.7    30.1    40.2 -99.000 -99.000 -99.000 -99.000 -99.000 -9999.0 -9999.0 -9999.0 -9999.0 -9999.0
26494 20140224  2.424 -147.51   64.97    -4.4   -14.4    -9.4   -10.1     0.0     4.65 C   -13.4   -25.1   -20.4    50.3    27.0    39.2 -99.000 -99.000 -99.000 -99.000 -99.000 -9999.0 -9999.0 -9999.0 -9999.0 -9999.0
26494 20140225  2.424 -147.51   64.97    -3.7   -14.3    -9.0    -8.9     0.0     4.84 C   -12.5   -23.7   -18.5    53.6    27.2    39.5 -99.000 -99.000 -99.000 -99.000 -99.000 -9999.0 -9999.0 -9999.0 -9999.0 -9999.0
26494 20140226  2.424 -147.51   64.97    -0.6   -10.3    -5.5    -4.9     0.0     4.53 C    -6.7   -21.6   -14.4    45.2    22.9    32.4 -99.000 -99.000 -99.000 -99.000 -99.000 -9999.0 -9999.0 -9999.0 -9999.0 -9999.0
26494 20140227  2.424 -147.51   64.97     3.7    -5.6    -1.0    -1.6     0.0     5.33 C    -6.5   -15.9   -11.7    40.8    22.3    31.3 -99.000 -99.000 -99.000 -99.000 -99.000 -9999.0 -9999.0 -9999.0 -9999.0 -9999.0
26494 20140228  2.424 -147.51   64.97    -1.2    -8.7    -4.9    -4.8     0.0     5.42 C    -7.3   -17.4   -13.3    54.4    32.1    42.8 -99.000 -99.000 -99.000 -99.000 -99.000 -9999.0 -9999.0 -9999.0 -9999.0 -9999.0
26494 20140301  2.424 -147.51   64.97    -0.6    -9.4    -5.0    -5.8     0.0     5.71 C    -8.1   -18.8   -14.6    61.6    34.5    49.7 -99.000 -99.000 -99.000 -99.000 -99.000 -9999.0 -9999.0 -9999.0 -9999.0 -9999.0
26494 20140302  2.424 -147.51   64.97    -2.2   -10.3    -6.3    -7.1     0.0     5.97 C    -8.2   -20.0   -15.8    68.7    39.7    57.2 -99.000 -99.000 -99.000 -99.000 -99.000 -9999.0 -9999.0 -9999.0 -9999.0 -9999.0
26494 20140303  2.424 -147.51   64.97    -4.7   -12.9    -8.8    -9.2     0.0     6.22 C    -9.8   -21.6   -17.2    84.2    46.7    66.0 -99.000 -99.000 -99.000 -99.000 -99.000 -9999.0 -9999.0 -9999.0 -9999.0 -9999.0
26494 20140304  2.424 -147.51   64.97    -8.2   -13.1   -10.6   -10.7     0.0     3.28 C    -8.3   -20.5   -13.0    84.8    47.7    64.5 -99.000 -99.000 -99.000 -99.000 -99.000 -9999.0 -9999.0 -9999.0 -9999.0 -9999.0
26494 20140305  2.424 -147.51   64.97   -10.7   -14.3   -12.5   -12.4     4.4     0.54 C   -10.8   -17.0   -13.1    86.3    64.3    78.2 -99.000 -99.000 -99.000 -99.000 -99.000 -9999.0 -9999.0 -9999.0 -9999.0 -9999.0
26494 20140306  2.424 -147.51   64.97    -8.8   -14.5   -11.7   -12.0     0.4     6.94 C   -11.8   -22.2   -15.2    74.6    38.6    53.6 -99.000 -99.000 -99.000 -99.000 -99.000 -9999.0 -9999.0 -9999.0 -9999.0 -9999.0
26494 20140307  2.424 -147.51   64.97    -7.5   -16.2   -11.9   -12.5     0.5     7.50 C   -14.1   -26.0   -20.6    53.4    23.8    38.6 -99.000 -99.000 -99.000 -99.000 -99.000 -9999.0 -9999.0 -9999.0 -9999.0 -9999.0
26494 20140308  2.424 -147.51   64.97   -11.7   -18.3   -15.0   -15.4     0.0     7.62 C   -14.9   -26.8   -20.8    52.3    34.2    43.0 -99.000 -99.000 -99.000 -99.000 -99.000 -9999.0 -9999.0 -9999.0 -9999.0 -9999.0
26494 20140309  2.424 -147.51   64.97   -16.8   -22.6   -19.7   -19.4     0.2     7.90 C   -18.9   -29.6   -23.5    49.5    35.4    43.2 -99.000 -99.000 -99.000 -99.000 -99.000 -9999.0 -9999.0 -9999.0 -9999.0 -9999.0
26494 20140310  2.424 -147.51   64.97    -4.1   -23.1   -13.6   -14.6     0.4     3.57 C    -8.2   -29.9   -19.0    58.2    38.5    48.1 -99.000 -99.000 -99.000 -99.000 -99.000 -9999.0 -9999.0 -9999.0 -9999.0 -9999.0
26494 20140311  2.424 -147.51   64.97     5.4    -8.9    -1.7     1.3     0.0     4.32 C    -0.8   -12.5    -4.8    57.5    37.2    43.2 -99.000 -99.000 -99.000 -99.000 -99.000 -9999.0 -9999.0 -9999.0 -9999.0 -9999.0
26494 20140312  2.424 -147.51   64.97     2.7   -13.3    -5.3    -5.0     0.0     5.58 C    -2.5   -15.8    -9.4    72.9    41.0    55.6 -99.000 -99.000 -99.000 -99.000 -99.000 -9999.0 -9999.0 -9999.0 -9999.0 -9999.0
26494 20140313  2.424 -147.51   64.97     6.0    -1.5     2.2     1.8     0.0     5.98 C    -0.4    -9.8    -5.2    46.9    25.8    33.4 -99.000 -99.000 -99.000 -99.000 -99.000 -9999.0 -9999.0 -9999.0 -9999.0 -9999.0
26494 20140314  2.424 -147.51   64.97     5.3    -0.1     2.6     3.0     0.0     5.45 C     0.0   -10.2    -4.4    50.4    27.6    35.6 -99.000 -99.000 -99.000 -99.000 -99.000 -9999.0 -9999.0 -9999.0 -9999.0 -9999.0
26494 20140315  2.424 -147.51   64.97     2.3   -13.5    -5.6    -8.3     0.4     6.88 C    -3.7   -20.2   -11.6    86.7    42.8    64.1 -99.000 -99.000 -99.000 -99.000 -99.000 -9999.0 -9999.0 -9999.0 -9999.0 -9999.0
26494 20140316  2.424 -147.51   64.97    -3.5   -17.7   -10.6   -10.6     0.0     9.39 C    -8.7   -21.9   -15.8    84.6    36.8    62.1 -99.000 -99.000 -99.000 -99.000 -99.000 -9999.0 -9999.0 -9999.0 -9999.0 -9999.0
26494 20140317  2.424 -147.51   64.97     0.8   -10.1    -4.6    -4.4     0.0     9.56 C    -5.3   -19.3   -12.0    49.6    25.7    36.2 -99.000 -99.000 -99.000 -99.000 -99.000 -9999.0 -9999.0 -9999.0 -9999.0 -9999.0
26494 20140318  2.424 -147.51   64.97    -2.5    -7.3    -4.9    -5.1     0.0     7.35 C    -5.1   -13.4    -9.6    68.7    41.4    48.8 -99.000 -99.000 -99.000 -99.000 -99.000 -9999.0 -9999.0 -9999.0 -9999.0 -9999.0
26494 20140319  2.424 -147.51   64.97    -5.4   -12.2    -8.8    -8.9     1.5     5.08 C    -7.2   -22.2   -11.1    91.1    66.6    79.5 -99.000 -99.000 -99.000 -99.000 -99.000 -9999.0 -9999.0 -9999.0 -9999.0 -9999.0
26494 20140320  2.424 -147.51   64.97    -5.5   -13.0    -9.3    -9.2     0.0    10.95 C    -8.4   -23.0   -13.9    79.1    46.3    57.3 -99.000 -99.000 -99.000 -99.000 -99.000 -9999.0 -9999.0 -9999.0 -9999.0 -9999.0
26494 20140321  2.424 -147.51   64.97    -1.9   -11.4    -6.7    -6.7     0.0    11.22 C    -6.7   -18.7   -12.1    57.4    27.1    40.1 -99.000 -99.000 -99.000 -99.000 -99.000 -9999.0 -9999.0 -9999.0 -9999.0 -9999.0
26494 20140322  2.424 -147.51   64.97     1.1    -9.6    -4.3    -4.0     0.0    11.53 C    -5.5   -19.0   -11.6    28.2    13.4    19.2 -99.000 -99.000 -99.000 -99.000 -99.000 -9999.0 -9999.0 -9999.0 -9999.0 -9999.0
26494 20140323  2.424 -147.51   64.97     5.2    -7.3    -1.1    -0.7     0.0    11.56 C    -2.2   -17.2    -8.9    33.0    14.3    21.9 -99.000 -99.000 -99.000 -99.000 -99.000 -9999.0 -9999.0 -9999.0 -9999.0 -9999.0
26494 20140324  2.424 -147.51   64.97     4.4    -4.7    -0.1     0.1     0.0    11.99 C    -2.4   -14.5    -7.7    34.3    13.9    24.2 -99.000 -99.000 -99.000 -99.000 -99.000 -9999.0 -9999.0 -9999.0 -9999.0 -9999.0
26494 20140325  2.424 -147.51   64.97     3.4    -2.8     0.3    -0.4     0.0    12.40 C    -2.2    -9.3    -6.1    32.0    21.3    26.5 -99.000 -99.000 -99.000 -99.000 -99.000 -9999.0 -9999.0 -9999.0 -9999.0 -9999.0
26494 20140326  2.424 -147.51   64.97     4.4    -5.3    -0.4    -1.0     0.0    12.83 C    -1.5   -14.6    -7.6    42.8    13.6    26.8 -99.000 -99.000 -99.000 -99.000 -99.000 -9999.0 -9999.0 -9999.0 -9999.0 -9999.0
26494 20140327  2.424 -147.51   64.97     2.3    -7.1    -2.4    -2.5     0.0    12.86 C    -1.4   -16.6    -9.1    41.4    19.7    29.6 -99.000 -99.000 -99.000 -99.000 -99.000 -9999.0 -9999.0 -9999.0 -9999.0 -9999.0
26494 20140328  2.424 -147.51   64.97     4.2    -7.9    -1.9    -1.9     0.0    13.35 C    -1.5   -16.9    -9.2    45.1    15.7    29.9 -99.000 -99.000 -99.000 -99.000 -99.000 -9999.0 -9999.0 -9999.0 -9999.0 -9999.0
26494 20140329  2.424 -147.51   64.97     2.3    -7.6    -2.6    -2.6     0.0    13.61 C    -1.4   -15.6    -8.9    46.6    18.9    31.2 -99.000 -99.000 -99.000 -99.000 -99.000 -9999.0 -9999.0 -9999.0 -9999.0 -9999.0
26494 20140330  2.424 -147.51   64.97     0.3   -10.1    -4.9    -4.7     0.0    13.71 C    -1.4   -17.5   -10.2    61.3    28.7    44.7 -99.000 -99.000 -99.000 -99.000 -99.000 -9999.0 -9999.0 -9999.0 -9999.0 -9999.0
26494 20140331  2.424 -147.51   64.97     1.4    -7.8    -3.2    -3.3     0.0    11.71 C    -0.4   -16.2    -8.1    57.5    31.1    44.7 -99.000 -99.000 -99.000 -99.000 -99.000 -9999.0 -9999.0 -9999.0 -9999.0 -9999.0
26494 20140401  2.424 -147.51   64.97     1.0    -8.4    -3.7    -3.2     0.0    14.26 C    -1.6   -15.2    -8.7    59.2    31.6    43.6 -99.000 -99.000 -99.000 -99.000 -99.000 -9999.0 -9999.0 -9999.0 -9999.0 -9999.0
26494 20140402  2.424 -147.51   64.97     1.1    -9.5    -4.2    -4.0     0.0    13.27 C    -0.9   -16.2    -8.9    64.0    30.8    46.5 -99.000 -99.000 -99.000 -99.000 -99.000 -9999.0 -9999.0 -9999.0 -9999.0 -9999.0
26494 20140403  2.424 -147.51   64.97     1.6    -9.1    -3.7    -3.7     0.0    13.56 C    -0.7   -15.6    -8.5    63.5    29.5    44.5 -99.000 -99.000 -99.000 -99.000 -99.000 -9999.0 -9999.0 -9999.0 -9999.0 -9999.0
26494 20140404  2.424 -147.51   64.97     3.5    -5.8    -1.1    -1.3     0.0    13.67 C    -0.4   -11.6    -6.0    53.1    27.9    37.3 -99.000 -99.000 -99.000 -99.000 -99.000 -9999.0 -9999.0 -9999.0 -9999.0 -9999.0
26494 20140405  2.424 -147.51   64.97     3.5    -5.6    -1.1    -1.0     0.0    13.11 C    -0.2   -11.7    -4.6    64.8    35.8    47.2 -99.000 -99.000 -99.000 -99.000 -99.000 -9999.0 -9999.0 -9999.0 -9999.0 -9999.0
26494 20140406  2.424 -147.51   64.97    -0.4    -3.5    -2.0    -2.1     2.5     7.57 C     0.1    -5.2    -2.2    96.0    55.4    83.9 -99.000 -99.000 -99.000 -99.000 -99.000 -9999.0 -9999.0 -9999.0 -9999.0 -9999.0
26494 20140407  2.424 -147.51   64.97    -3.0   -10.2    -6.6    -5.7     5.4     1.73 C    -2.8   -11.8    -5.5    93.6    74.4    84.6 -99.000 -99.000 -99.000 -99.000 -99.000 -9999.0 -9999.0 -9999.0 -9999.0 -9999.0
26494 20140408  2.424 -147.51   64.97   -10.2   -16.4   -13.3   -13.0     0.5    10.98 C    -9.6   -22.9   -14.8    87.0    49.5    68.0 -99.000 -99.000 -99.000 -99.000 -99.000 -9999.0 -9999.0 -9999.0 -9999.0 -9999.0
26494 20140409  2.424 -147.51   64.97    -8.7   -19.4   -14.1   -13.8     0.0    16.51 C    -8.3   -28.9   -19.2    77.0    32.9    55.0 -99.000 -99.000 -99.000 -99.000 -99.000 -9999.0 -9999.0 -9999.0 -9999.0 -9999.0
26494 20140410  2.424 -147.51   64.97    -3.5   -16.6   -10.0    -9.8     0.0    16.74 C    -6.7   -25.9   -16.4    69.1    29.8    46.3 -99.000 -99.000 -99.000 -99.000 -99.000 -9999.0 -9999.0 -9999.0 -9999.0 -9999.0
26494 20140411  2.424 -147.51   64.97     0.2   -12.8    -6.3    -6.1     0.0    17.05 C    -4.1   -21.7   -12.7    60.2    21.7    39.6 -99.000 -99.000 -99.000 -99.000 -99.000 -9999.0 -9999.0 -9999.0 -9999.0 -9999.0
26494 20140412  2.424 -147.51   64.97     5.1    -7.3    -1.1    -0.2     0.0    10.48 C    -0.4   -18.5    -8.0    40.3    15.2    26.0 -99.000 -99.000 -99.000 -99.000 -99.000 -9999.0 -9999.0 -9999.0 -9999.0 -9999.0
26494 20140413  2.424 -147.51   64.97    10.2    -0.8     4.7     5.6     0.0     9.54 C     0.4    -9.5    -2.3    49.1    25.8    33.9 -99.000 -99.000 -99.000 -99.000 -99.000 -9999.0 -9999.0 -9999.0 -9999.0 -9999.0
26494 20140414  2.424 -147.51   64.97     8.9    -1.7     3.6     4.4     0.0    16.81 C     0.5    -8.3    -2.5    66.0    29.9    45.4 -99.000 -99.000 -99.000 -99.000 -99.000 -9999.0 -9999.0 -9999.0 -9999.0 -9999.0
26494 20140415  2.424 -147.51   64.97     8.5     0.5     4.5     4.6     0.0    10.25 C     0.2    -5.8    -1.7    72.9    35.3    54.7 -99.000 -99.000 -99.000 -99.000 -99.000 -9999.0 -9999.0 -9999.0 -9999.0 -9999.0
26494 20140416  2.424 -147.51   64.97     8.8     0.0     4.4     4.4     0.0    15.25 C     0.7    -5.0    -1.2    79.8    31.9    56.6 -99.000 -99.000 -99.000 -99.000 -99.000 -9999.0 -9999.0 -9999.0 -9999.0 -9999.0
26494 20140417  2.424 -147.51   64.97     8.7     2.5     5.6     5.2     0.0    12.91 C     3.8    -4.0     0.0    69.9    37.9    54.3 -99.000 -99.000 -99.000 -99.000 -99.000 -9999.0 -9999.0 -9999.0 -9999.0 -9999.0
26494 20140418  2.424 -147.51   64.97     9.0     2.0     5.5     5.2     0.0    13.99 C    10.0    -2.2     2.2    68.1    30.3    55.6 -99.000 -99.000 -99.000 -99.000 -99.000 -9999.0 -9999.0 -9999.0 -9999.0 -9999.0
26494 20140419  2.424 -147.51   64.97     8.6     0.2     4.4     4.7     0.0    19.14 C    16.7    -4.4     4.0    78.7    41.3    57.3 -99.000 -99.000 -99.000 -99.000 -99.000 -9999.0 -9999.0 -9999.0 -9999.0 -9999.0
26494 20140420  2.424 -147.51   64.97     8.8     1.9     5.3     5.4     0.0    19.21 C    18.9    -3.4     5.3    57.7    40.0    48.8 -99.000 -99.000 -99.000 -99.000 -99.000 -9999.0 -9999.0 -9999.0 -9999.0 -9999.0
26494 20140421  2.424 -147.51   64.97    10.1     2.9     6.5     6.5     0.0    10.87 C    26.0    -4.3     5.9    59.8    35.5    45.7 -99.000 -99.000 -99.000 -99.000 -99.000 -9999.0 -9999.0 -9999.0 -9999.0 -9999.0
26494 20140422  2.424 -147.51   64.97     9.6     1.7     5.6     5.6     0.0    19.45 C    24.9    -5.7     7.5    58.4    34.5    46.1 -99.000 -99.000 -99.000 -99.000 -99.000 -9999.0 -9999.0 -9999.0 -9999.0 -9999.0
26494 20140423  2.424 -147.51   64.97    10.5    -0.7     4.9     5.2     0.0    20.78 C    26.9    -7.4     6.9    58.5    24.9    41.5 -99.000 -99.000 -99.000 -99.000 -99.000 -9999.0 -9999.0 -9999.0 -9999.0 -9999.0
26494 20140424  2.424 -147.51   64.97     9.8     1.7     5.8     6.1     0.0    11.98 C    25.6    -3.8     5.6    73.8    37.7    49.8 -99.000 -99.000 -99.000 -99.000 -99.000 -9999.0 -9999.0 -9999.0 -9999.0 -9999.0
26494 20140425  2.424 -147.51   64.97    10.0    -0.3     4.9     4.2     0.5    15.53 C    34.5    -5.8     5.9    91.8    29.1    64.4 -99.000 -99.000 -99.000 -99.000 -99.000 -9999.0 -9999.0 -9999.0 -9999.0 -9999.0
26494 20140426  2.424 -147.51   64.97    12.7    -0.2     6.2     7.4     0.0    20.22 C    30.7    -6.6     8.2    60.2    19.3    37.1 -99.000 -99.000 -99.000 -99.000 -99.000 -9999.0 -9999.0 -9999.0 -9999.0 -9999.0
26494 20140427  2.424 -147.51   64.97    12.6     2.5     7.5     7.6     0.0    18.80 C    31.6    -6.5     7.6    58.8    22.5    36.6 -99.000 -99.000 -99.000 -99.000 -99.000 -9999.0 -9999.0 -9999.0 -9999.0 -9999.0
26494 20140428  2.424 -147.51   64.97    12.7    -0.1     6.3     6.1     0.0    20.96 C    31.5    -7.3     8.4    69.3    22.2    45.2 -99.000 -99.000 -99.000 -99.000 -99.000 -9999.0 -9999.0 -9999.0 -9999.0 -9999.0
26494 20140429  2.424 -147.51   64.97    13.1     1.2     7.1     6.4     0.0    16.41 C    34.5    -7.5     7.8    79.5    33.1    53.0 -99.000 -99.000 -99.000 -99.000 -99.000 -9999.0 -9999.0 -9999.0 -9999.0 -9999.0
26494 20140430  2.424 -147.51   64.97    12.5     0.8     6.7     6.5     0.0    15.01 C    28.8    -4.2     8.2    91.6    34.1    63.6 -99.000 -99.000 -99.000 -99.000 -99.000 -9999.0 -9999.0 -9999.0 -9999.0 -9999.0
26494 20140501  2.424 -147.51   64.97    17.6     3.5    10.5    11.0     0.0    20.07 C    35.1    -4.6    12.6    70.4    28.8    45.7 -99.000 -99.000 -99.000 -99.000 -99.000 -9999.0 -9999.0 -9999.0 -9999.0 -9999.0
26494 20140502  2.424 -147.51   64.97    19.8     6.3    13.1    13.8     0.0    20.85 C    34.9    -2.5    14.5    54.1    22.2    34.5 -99.000 -99.000 -99.000 -99.000 -99.000 -9999.0 -9999.0 -9999.0 -9999.0 -9999.0
26494 20140503  2.424 -147.51   64.97    20.2     9.4    14.8    15.0     0.0    21.56 C    38.1     0.9    16.7    53.6    23.0    32.8 -99.000 -99.000 -99.000 -99.000 -99.000 -9999.0 -9999.0 -9999.0 -9999.0 -9999.0
26494 20140504  2.424 -147.51   64.97    15.8     3.9     9.8     9.9     0.2    12.88 C    35.0     0.2    11.5    85.8    32.6    56.7 -99.000 -99.000 -99.000 -99.000 -99.000 -9999.0 -9999.0 -9999.0 -9999.0 -9999.0
26494 20140505  2.424 -147.51   64.97     4.3    -1.1     1.6     2.6     0.6     7.43 C    10.7    -6.5     4.1    91.0    59.5    75.9 -99.000 -99.000 -99.000 -99.000 -99.000 -9999.0 -9999.0 -9999.0 -9999.0 -9999.0
26494 20140506  2.424 -147.51   64.97    12.2    -1.4     5.4     6.2     0.0     8.13 C    27.5    -6.5     6.8    88.5    44.9    66.7 -99.000 -99.000 -99.000 -99.000 -99.000 -9999.0 -9999.0 -9999.0 -9999.0 -9999.0
26494 20140507  2.424 -147.51   64.97     7.9     1.6     4.7     5.3     1.1    10.11 C    20.5    -4.0     5.8    87.6    45.6    70.5 -99.000 -99.000 -99.000 -99.000 -99.000 -9999.0 -9999.0 -9999.0 -9999.0 -9999.0
26494 20140508  2.424 -147.51   64.97    10.8     1.2     6.0     6.0     0.0    14.72 C    32.7    -7.0     8.3    69.2    33.6    48.2 -99.000 -99.000 -99.000 -99.000 -99.000 -9999.0 -9999.0 -9999.0 -9999.0 -9999.0
26494 20140509  2.424 -147.51   64.97    11.3    -0.3     5.5     6.3     0.0    15.20 C    32.5    -8.0     7.7    59.8    28.2    42.1 -99.000 -99.000 -99.000 -99.000 -99.000 -9999.0 -9999.0 -9999.0 -9999.0 -9999.0
26494 20140510  2.424 -147.51   64.97    14.6     1.7     8.1     8.9     0.0    16.47 C    36.4    -6.9    10.4    58.6    27.9    41.1 -99.000 -99.000 -99.000 -99.000 -99.000 -9999.0 -9999.0 -9999.0 -9999.0 -9999.0
26494 20140511  2.424 -147.51   64.97    18.2     5.9    12.0    12.6     0.0    24.62 C    36.6    -3.8    14.9    53.7    18.1    30.7 -99.000 -99.000 -99.000 -99.000 -99.000 -9999.0 -9999.0 -9999.0 -9999.0 -9999.0
26494 20140512  2.424 -147.51   64.97    20.5     6.9    13.7    14.2     0.0    23.62 C    38.4    -2.1    15.5    49.0    13.4    27.9 -99.000 -99.000 -99.000 -99.000 -99.000 -9999.0 -9999.0 -9999.0 -9999.0 -9999.0
26494 20140513  2.424 -147.51   64.97    12.4     1.6     7.0     9.0     0.0    17.86 C    26.1    -5.3     9.4    64.7    28.4    38.6 -99.000 -99.000 -99.000 -99.000 -99.000 -9999.0 -9999.0 -9999.0 -9999.0 -9999.0
26494 20140514  2.424 -147.51   64.97    14.7    -1.3     6.7     7.6     0.0    25.36 C    33.1    -7.5    11.1    70.5    12.5    36.1 -99.000 -99.000 -99.000 -99.000 -99.000 -9999.0 -9999.0 -9999.0 -9999.0 -9999.0
26494 20140515  2.424 -147.51   64.97    16.8     4.7    10.7    11.0     0.0    13.87 C    34.6    -4.6    11.5    42.7    17.7    28.8 -99.000 -99.000 -99.000 -99.000 -99.000 -9999.0 -9999.0 -9999.0 -9999.0 -9999.0
26494 20140516  2.424 -147.51   64.97    16.5     7.4    12.0    12.4     0.0    19.64 C    32.4    -0.4    14.1    61.7    31.7    40.1 -99.000 -99.000 -99.000 -99.000 -99.000 -9999.0 -9999.0 -9999.0 -9999.0 -9999.0
26494 20140517  2.424 -147.51   64.97    17.0     3.6    10.3     9.6     0.5    15.37 C    33.2    -2.6    11.3    82.2    39.5    60.1 -99.000 -99.000 -99.000 -99.000 -99.000 -9999.0 -9999.0 -9999.0 -9999.0 -9999.0
26494 20140518  2.424 -147.51   64.97     8.0     0.8     4.4     4.3     0.0    15.76 C    30.3    -0.9     7.5    70.1    35.8    52.4 -99.000 -99.000 -99.000 -99.000 -99.000 -9999.0 -9999.0 -9999.0 -9999.0 -9999.0
26494 20140519  2.424 -147.51   64.97     8.2     0.5     4.4     4.6     0.0    16.21 C    27.7    -3.2     7.5    65.4    36.3    49.3 -99.000 -99.000 -99.000 -99.000 -99.000 -9999.0 -9999.0 -9999.0 -9999.0 -9999.0
26494 20140520  2.424 -147.51   64.97    12.6    -0.1     6.2     6.8     0.0    23.54 C    36.1    -6.5    11.1    64.7    22.2    39.1 -99.000 -99.000 -99.000 -99.000 -99.000 -9999.0 -9999.0 -9999.0 -9999.0 -9999.0
26494 20140521  2.424 -147.51   64.97    12.8     1.8     7.3     8.8     0.0    26.40 C    30.7    -5.9    11.5    54.7    20.8    31.0 -99.000 -99.000 -99.000 -99.000 -99.000 -9999.0 -9999.0 -9999.0 -9999.0 -9999.0
26494 20140522  2.424 -147.51   64.97    11.2     2.8     7.0     7.8     0.0    15.54 C    34.4    -4.7     9.5    56.0    28.5    36.2 -99.000 -99.000 -99.000 -99.000 -99.000 -9999.0 -9999.0 -9999.0 -9999.0 -9999.0
26494 20140523  2.424 -147.51   64.97    13.1     0.8     6.9     7.9     0.0    19.79 C    37.5    -5.5    11.4    64.3    22.0    40.1 -99.000 -99.000 -99.000 -99.000 -99.000 -9999.0 -9999.0 -9999.0 -9999.0 -9999.0
26494 20140524  2.424 -147.51   64.97    15.4     1.8     8.6     9.6     0.0    23.36 C    30.6    -4.8    12.6    61.7    22.3    38.1 -99.000 -99.000 -99.000 -99.000 -99.000 -9999.0 -9999.0 -9999.0 -9999.0 -9999.0
26494 20140525  2.424 -147.51   64.97    11.7     4.2     7.9     8.1     0.0     8.19 C    16.1    -0.7     7.8    82.6    33.3    58.6 -99.000 -99.000 -99.000 -99.000 -99.000 -9999.0 -9999.0 -9999.0 -9999.0 -9999.0
26494 20140526  2.424 -147.51   64.97    17.9     4.1    11.0    11.5     0.0    22.43 C    35.0     0.5    14.9    81.6    27.6    49.1 -99.000 -99.000 -99.000 -99.000 -99.000 -9999.0 -9999.0 -9999.0 -9999.0 -9999.0
26494 20140527  2.424 -147.51   64.97    15.0     8.0    11.5    11.8     0.0    16.28 C    26.4    -0.2    12.1    66.6    37.3    45.6 -99.000 -99.000 -99.000 -99.000 -99.000 -9999.0 -9999.0 -9999.0 -9999.0 -9999.0
26494 20140528  2.424 -147.51   64.97    17.9     5.4    11.6    12.7     0.0    24.54 C    39.5    -0.1    15.9    72.3    28.3    44.3 -99.000 -99.000 -99.000 -99.000 -99.000 -9999.0 -9999.0 -9999.0 -9999.0 -9999.0
26494 20140529  2.424 -147.51   64.97    20.3     6.2    13.2    14.2     0.0    23.04 C    36.1     0.0    16.5    69.2    23.9    42.2 -99.000 -99.000 -99.000 -99.000 -99.000 -9999.0 -9999.0 -9999.0 -9999.0 -9999.0
26494 20140530  2.424 -147.51   64.97    20.5     8.9    14.7    15.0     0.0    15.98 C    29.6     2.6    15.5    66.3    26.6    41.9 -99.000 -99.000 -99.000 -99.000 -99.000 -9999.0 -9999.0 -9999.0 -9999.0 -9999.0
26494 20140531  2.424 -147.51   64.97    18.0     4.5    11.2    11.3     0.8    10.44 C    31.9     3.6    11.8    83.0    24.8    50.1 -99.000 -99.000 -99.000 -99.000 -99.000 -9999.0 -9999.0 -9999.0 -9999.0 -9999.0
26494 20140601  2.424 -147.51   64.97    11.7     4.6     8.1     8.3     0.0    10.96 C    18.5     2.7     8.8    77.7    32.4    50.4 -99.000 -99.000 -99.000 -99.000 -99.000 -9999.0 -9999.0 -9999.0 -9999.0 -9999.0
26494 20140602  2.424 -147.51   64.97     8.4     4.7     6.5     6.5    11.5     7.41 C    15.0     3.9     7.9    93.8    47.6    82.1 -99.000 -99.000 -99.000 -99.000 -99.000 -9999.0 -9999.0 -9999.0 -9999.0 -9999.0
26494 20140603  2.424 -147.51   64.97    15.5     5.2    10.3     9.8     0.0    18.56 C    31.7     2.5    12.7    95.4    40.5    72.3 -99.000 -99.000 -99.000 -99.000 -99.000 -9999.0 -9999.0 -9999.0 -9999.0 -9999.0
26494 20140604  2.424 -147.51   64.97    18.6     5.1    11.9    12.6     0.0    18.98 C    34.4     0.4    13.9    90.0    24.9    55.3 -99.000 -99.000 -99.000 -99.000 -99.000 -9999.0 -9999.0 -9999.0 -9999.0 -9999.0
26494 20140605  2.424 -147.51   64.97    13.0     9.2    11.1    11.2     5.7     9.14 C    18.5     6.9    11.6    92.6    48.6    71.7 -99.000 -99.000 -99.000 -99.000 -99.000 -9999.0 -9999.0 -9999.0 -9999.0 -9999.0
26494 20140606  2.424 -147.51   64.97    18.6     8.7    13.6    12.6     0.6    20.81 C    27.9     3.4    14.6    95.4    30.4    65.1 -99.000 -99.000 -99.000 -99.000 -99.000 -9999.0 -9999.0 -9999.0 -9999.0 -9999.0
26494 20140607  2.424 -147.51   64.97    21.7     7.6    14.7    16.1     0.0    28.68 C    34.8     2.4    18.0    76.5    17.1    38.4 -99.000 -99.000 -99.000 -99.000 -99.000 -9999.0 -9999.0 -9999.0 -9999.0 -9999.0
26494 20140608  2.424 -147.51   64.97    21.0     9.8    15.4    15.0     6.9    21.00 C    37.3     7.7    16.7    88.3    33.2    54.4 -99.000 -99.000 -99.000 -99.000 -99.000 -9999.0 -9999.0 -9999.0 -9999.0 -9999.0
26494 20140609  2.424 -147.51   64.97    17.2     8.8    13.0    11.8     0.3    13.45 C    27.6     7.7    13.5    94.9    42.3    73.1 -99.000 -99.000 -99.000 -99.000 -99.000 -9999.0 -9999.0 -9999.0 -9999.0 -9999.0
26494 20140610  2.424 -147.51   64.97    14.4     7.5    11.0    10.6     1.0    16.05 C    28.3     6.9    13.1    91.0    42.9    70.9 -99.000 -99.000 -99.000 -99.000 -99.000 -9999.0 -9999.0 -9999.0 -9999.0 -9999.0
26494 20140611  2.424 -147.51   64.97    12.0     4.1     8.0     8.2     0.0    18.63 C    23.5    -0.6    10.3    93.4    39.8    67.6 -99.000 -99.000 -99.000 -99.000 -99.000 -9999.0 -9999.0 -9999.0 -9999.0 -9999.0
26494 20140612  2.424 -147.51   64.97    16.3     2.0     9.2    10.5     0.0    30.84 C    34.4    -1.4    12.7    86.1    21.3    47.1 -99.000 -99.000 -99.000 -99.000 -99.000 -9999.0 -9999.0 -9999.0 -9999.0 -9999.0
26494 20140613  2.424 -147.51   64.97 -9999.0 -9999.0 -9999.0 -9999.0 -9999.0 -9999.00 U -9999.0 -9999.0 -9999.0 -9999.0 -9999.0 -9999.0 -99.000 -99.000 -99.000 -99.000 -99.000 -9999.0 -9999.0 -9999.0 -9999.0 -9999.0
26494 20140614  2.424 -147.51   64.97    19.9    11.6    15.7    16.2     0.0    21.69 C    38.6     5.5    16.8    66.8    23.8    37.3 -99.000 -99.000 -99.000 -99.000 -99.000 -9999.0 -9999.0 -9999.0 -9999.0 -9999.0
26494 20140615  2.424 -147.51   64.97    21.4     9.3    15.3    16.6     0.0    22.33 C    40.5     2.5    18.3    61.6    24.1    35.4 -99.000 -99.000 -99.000 -99.000 -99.000 -9999.0 -9999.0 -9999.0 -9999.0 -9999.0
26494 20140616  2.424 -147.51   64.97    19.0     9.6    14.3    13.9     0.4    17.51 C    38.0     5.6    16.5    83.2    40.4    59.8 -99.000 -99.000 -99.000 -99.000 -99.000 -9999.0 -9999.0 -9999.0 -9999.0 -9999.0
26494 20140617  2.424 -147.51   64.97    18.4     9.2    13.8    13.5     0.9    11.05 C    30.7     8.6    14.5    92.0    34.2    57.4 -99.000 -99.000 -99.000 -99.000 -99.000 -9999.0 -9999.0 -9999.0 -9999.0 -9999.0
26494 20140618  2.424 -147.51   64.97    10.2     7.5     8.9     8.9    21.6     3.44 C    13.1     8.3     9.5    94.4    81.0    91.4 -99.000 -99.000 -99.000 -99.000 -99.000 -9999.0 -9999.0 -9999.0 -9999.0 -9999.0
26494 20140619  2.424 -147.51   64.97    14.2     8.5    11.4    10.0    48.2    13.12 C    26.2     7.4    12.2    96.2    68.0    88.5 -99.000 -99.000 -99.000 -99.000 -99.000 -9999.0 -9999.0 -9999.0 -9999.0 -9999.0
26494 20140620  2.424 -147.51   64.97    19.6     7.5    13.6    13.1     0.0    20.74 C    31.3     8.3    15.8    96.0    34.9    66.3 -99.000 -99.000 -99.000 -99.000 -99.000 -9999.0 -9999.0 -9999.0 -9999.0 -9999.0
26494 20140621  2.424 -147.51   64.97    16.9    10.5    13.7    14.3     3.8     8.71 C    23.0     9.4    14.1    91.6    45.0    66.6 -99.000 -99.000 -99.000 -99.000 -99.000 -9999.0 -9999.0 -9999.0 -9999.0 -9999.0
26494 20140622  2.424 -147.51   64.97    19.5     8.7    14.1    14.4     0.0    27.67 C    32.5     7.1    17.8    93.9    25.6    54.1 -99.000 -99.000 -99.000 -99.000 -99.000 -9999.0 -9999.0 -9999.0 -9999.0 -9999.0
26494 20140623  2.424 -147.51   64.97    20.3     9.0    14.7    15.3     0.0    23.21 C    33.5     5.8    17.7    70.6    25.9    46.4 -99.000 -99.000 -99.000 -99.000 -99.000 -9999.0 -9999.0 -9999.0 -9999.0 -9999.0
26494 20140624  2.424 -147.51   64.97    17.0     8.4    12.7    13.6     0.4     9.40 C    22.0     5.2    14.1    80.0    48.1    64.7 -99.000 -99.000 -99.000 -99.000 -99.000 -9999.0 -9999.0 -9999.0 -9999.0 -9999.0
26494 20140625  2.424 -147.51   64.97    13.2    10.4    11.8    11.7    19.7     2.77 C    14.1    10.4    12.4    95.9    75.2    91.7 -99.000 -99.000 -99.000 -99.000 -99.000 -9999.0 -9999.0 -9999.0 -9999.0 -9999.0
26494 20140626  2.424 -147.51   64.97    13.3     7.6    10.5    10.5     2.7    10.49 C    19.2     6.5    12.5    93.3    63.5    81.0 -99.000 -99.000 -99.000 -99.000 -99.000 -9999.0 -9999.0 -9999.0 -9999.0 -9999.0
26494 20140627  2.424 -147.51   64.97    13.1     5.7     9.4     9.7    10.1    10.43 C    19.7     5.2    11.4    93.9    57.0    83.1 -99.000 -99.000 -99.000 -99.000 -99.000 -9999.0 -9999.0 -9999.0 -9999.0 -9999.0
26494 20140628  2.424 -147.51   64.97    19.4     8.4    13.9    13.8     0.0    25.18 C    32.2     6.4    16.9    93.8    36.7    68.1 -99.000 -99.000 -99.000 -99.000 -99.000 -9999.0 -9999.0 -9999.0 -9999.0 -9999.0
26494 20140629  2.424 -147.51   64.97    23.7     9.9    16.8    18.0     0.0    23.37 C    38.0     7.1    19.5    82.4    24.7    47.6 -99.000 -99.000 -99.000 -99.000 -99.000 -9999.0 -9999.0 -9999.0 -9999.0 -9999.0
26494 20140630  2.424 -147.51   64.97    16.0    10.8    13.4    13.7     1.4     8.54 C    21.1     9.4    14.5    95.4    60.0    78.5 -99.000 -99.000 -99.000 -99.000 -99.000 -9999.0 -9999.0 -9999.0 -9999.0 -9999.0
26494 20140701  2.424 -147.51   64.97    12.9    11.4    12.1    11.9    53.2     1.50 C    13.8    11.1    12.4    96.1    90.5    93.4 -99.000 -99.000 -99.000 -99.000 -99.000 -9999.0 -9999.0 -9999.0 -9999.0 -9999.0
26494 20140702  2.424 -147.51   64.97    15.0    10.7    12.9    12.4    39.4     8.81 C    19.9    10.7    13.6    94.6    76.5    87.2 -99.000 -99.000 -99.000 -99.000 -99.000 -9999.0 -9999.0 -9999.0 -9999.0 -9999.0
26494 20140703  2.424 -147.51   64.97    19.7     9.3    14.5    15.1     0.0    20.86 C    30.1     7.6    17.2    93.0    44.2    67.3 -99.000 -99.000 -99.000 -99.000 -99.000 -9999.0 -9999.0 -9999.0 -9999.0 -9999.0
26494 20140704  2.424 -147.51   64.97    23.1    10.0    16.5    17.1     0.0    20.40 C    35.2     6.7    18.8    83.5    31.3    56.1 -99.000 -99.000 -99.000 -99.000 -99.000 -9999.0 -9999.0 -9999.0 -9999.0 -9999.0
26494 20140705  2.424 -147.51   64.97    26.1    13.0    19.5    20.6     0.0    25.46 C    39.8     7.8    22.2    67.4    23.7    40.5 -99.000 -99.000 -99.000 -99.000 -99.000 -9999.0 -9999.0 -9999.0 -9999.0 -9999.0
26494 20140706  2.424 -147.51   64.97    27.5    16.8    22.1    22.1     0.0    18.91 C    40.4    10.9    23.2    75.0    30.7    46.3 -99.000 -99.000 -99.000 -99.000 -99.000 -9999.0 -9999.0 -9999.0 -9999.0 -9999.0
26494 20140707  2.424 -147.51   64.97    19.4    12.2    15.8    15.6     6.8    15.03 C    28.6    10.4    17.5    93.6    58.4    77.1 -99.000 -99.000 -99.000 -99.000 -99.000 -9999.0 -9999.0 -9999.0 -9999.0 -9999.0
26494 20140708  2.424 -147.51   64.97    21.8    10.4    16.1    16.8     0.0    24.74 C    35.0     7.9    19.7    90.1    39.9    63.4 -99.000 -99.000 -99.000 -99.000 -99.000 -9999.0 -9999.0 -9999.0 -9999.0 -9999.0
26494 20140709  2.424 -147.51   64.97    22.1    11.8    16.9    17.4     0.0    25.46 C    35.6     9.0    20.0    86.0    32.0    57.9 -99.000 -99.000 -99.000 -99.000 -99.000 -9999.0 -9999.0 -9999.0 -9999.0 -9999.0
26494 20140710  2.424 -147.51   64.97    22.5    12.8    17.6    18.5     0.0    18.16 C    31.9     9.2    19.5    75.5    35.6    49.8 -99.000 -99.000 -99.000 -99.000 -99.000 -9999.0 -9999.0 -9999.0 -9999.0 -9999.0
26494 20140711  2.424 -147.51   64.97    18.5    13.6    16.0    16.7     0.8    11.09 C    23.3     9.4    16.9    82.0    46.5    67.1 -99.000 -99.000 -99.000 -99.000 -99.000 -9999.0 -9999.0 -9999.0 -9999.0 -9999.0
26494 20140712  2.424 -147.51   64.97    21.3    10.8    16.0    17.0     0.0    25.76 C    34.5     7.2    19.1    82.5    34.8    55.2 -99.000 -99.000 -99.000 -99.000 -99.000 -9999.0 -9999.0 -9999.0 -9999.0 -9999.0
26494 20140713  2.424 -147.51   64.97    17.3    10.7    14.0    14.0     5.5    15.95 C    26.5     8.4    15.0    93.5    42.3    66.4 -99.000 -99.000 -99.000 -99.000 -99.000 -9999.0 -9999.0 -9999.0 -9999.0 -9999.0
26494 20140714  2.424 -147.51   64.97    15.7     9.5    12.6    11.6    17.9     8.13 C    20.0     7.3    11.3    92.7    46.1    71.1 -99.000 -99.000 -99.000 -99.000 -99.000 -9999.0 -9999.0 -9999.0 -9999.0 -9999.0
26494 20140715  2.424 -147.51   64.97    11.1     9.6    10.4    10.5    17.2     2.14 C    12.4     9.5    10.9    94.3    88.1    92.4 -99.000 -99.000 -99.000 -99.000 -99.000 -9999.0 -9999.0 -9999.0 -9999.0 -9999.0
26494 20140716  2.424 -147.51   64.97    16.8    10.9    13.9    13.4     2.1    11.42 C    25.2    10.9    14.6    95.1    56.1    80.6 -99.000 -99.000 -99.000 -99.000 -99.000 -9999.0 -9999.0 -9999.0 -9999.0 -9999.0
26494 20140717  2.424 -147.51   64.97    18.7    10.6    14.7    14.3     1.2    13.39 C    26.0     9.5    15.6    95.0    49.3    74.0 -99.000 -99.000 -99.000 -99.000 -99.000 -9999.0 -9999.0 -9999.0 -9999.0 -9999.0
26494 20140718  2.424 -147.51   64.97    17.3    10.2    13.8    13.8     0.7    14.46 C    27.1     8.8    14.9    89.8    55.9    71.8 -99.000 -99.000 -99.000 -99.000 -99.000 -9999.0 -9999.0 -9999.0 -9999.0 -9999.0
26494 20140719  2.424 -147.51   64.97    14.4     7.7    11.0    10.9     4.3    16.30 C    23.3     7.5    13.2    95.5    45.5    75.6 -99.000 -99.000 -99.000 -99.000 -99.000 -9999.0 -9999.0 -9999.0 -9999.0 -9999.0
26494 20140720  2.424 -147.51   64.97    13.3     5.6     9.5     8.6     0.0    11.30 C    24.0     4.4    10.6    91.8    52.1    76.8 -99.000 -99.000 -99.000 -99.000 -99.000 -9999.0 -9999.0 -9999.0 -9999.0 -9999.0
26494 20140721  2.424 -147.51   64.97    12.7     5.0     8.9     9.6     0.0     5.33 C    16.1     3.2    10.2    91.4    62.0    78.4 -99.000 -99.000 -99.000 -99.000 -99.000 -9999.0 -9999.0 -9999.0 -9999.0 -9999.0
26494 20140722  2.424 -147.51   64.97    17.9     9.3    13.6    13.3     0.0    11.20 C    26.5     9.1    14.4    88.7    48.2    70.1 -99.000 -99.000 -99.000 -99.000 -99.000 -9999.0 -9999.0 -9999.0 -9999.0 -9999.0
26494 20140723  2.424 -147.51   64.97    14.3    10.3    12.3    12.2     2.2     5.09 C    16.8    10.2    12.9    94.3    68.8    83.2 -99.000 -99.000 -99.000 -99.000 -99.000 -9999.0 -9999.0 -9999.0 -9999.0 -9999.0
26494 20140724  2.424 -147.51   64.97    10.8     8.3     9.5     9.7    16.0     4.49 C    13.5     8.4    10.7    94.8    87.0    91.6 -99.000 -99.000 -99.000 -99.000 -99.000 -9999.0 -9999.0 -9999.0 -9999.0 -9999.0
26494 20140725  2.424 -147.51   64.97    11.7     5.9     8.8     8.8     5.7    13.06 C    19.2     4.8    10.5    95.9    63.8    83.3 -99.000 -99.000 -99.000 -99.000 -99.000 -9999.0 -9999.0 -9999.0 -9999.0 -9999.0
26494 20140726  2.424 -147.51   64.97    13.6     3.8     8.7     9.3     0.0    20.35 C    25.0     1.9    11.1    94.1    38.2    64.1 -99.000 -99.000 -99.000 -99.000 -99.000 -9999.0 -9999.0 -9999.0 -9999.0 -9999.0
26494 20140727  2.424 -147.51   64.97    15.3     5.0    10.2    10.9     0.0    11.92 C    21.6     2.0    11.4    85.5    43.1    64.9 -99.000 -99.000 -99.000 -99.000 -99.000 -9999.0 -9999.0 -9999.0 -9999.0 -9999.0
26494 20140728  2.424 -147.51   64.97    16.8     7.9    12.4    12.4     0.4    14.85 C    24.4     5.4    13.7    86.2    38.7    67.9 -99.000 -99.000 -99.000 -99.000 -99.000 -9999.0 -9999.0 -9999.0 -9999.0 -9999.0
26494 20140729  2.424 -147.51   64.97    19.6    10.1    14.9    15.2     0.0    23.84 C    28.4     6.0    16.0    76.1    28.3    53.1 -99.000 -99.000 -99.000 -99.000 -99.000 -9999.0 -9999.0 -9999.0 -9999.0 -9999.0
26494 20140730  2.424 -147.51   64.97    21.4     7.5    14.5    15.1     0.0    22.82 C    30.2     3.9    15.8    80.0    32.6    54.1 -99.000 -99.000 -99.000 -99.000 -99.000 -9999.0 -9999.0 -9999.0 -9999.0 -9999.0
26494 20140731  2.424 -147.51   64.97    22.4    11.1    16.7    16.2     0.0    14.26 C    29.0     7.7    16.5    79.4    38.8    57.2 -99.000 -99.000 -99.000 -99.000 -99.000 -9999.0 -9999.0 -9999.0 -9999.0 -9999.0
26494 20140801  2.424 -147.51   64.97    15.5    12.2    13.9    13.4    20.8     4.48 C    15.7    11.8    13.6    94.0    66.9    88.5 -99.000 -99.000 -99.000 -99.000 -99.000 -9999.0 -9999.0 -9999.0 -9999.0 -9999.0
26494 20140802  2.424 -147.51   64.97    14.4    12.5    13.4    13.5     9.1     3.87 C    16.2    12.5    13.9    94.6    88.3    91.7 -99.000 -99.000 -99.000 -99.000 -99.000 -9999.0 -9999.0 -9999.0 -9999.0 -9999.0
26494 20140803  2.424 -147.51   64.97    21.3    12.8    17.1    16.2     0.0    17.25 C    28.7    10.7    17.7    93.5    46.0    74.5 -99.000 -99.000 -99.000 -99.000 -99.000 -9999.0 -9999.0 -9999.0 -9999.0 -9999.0
26494 20140804  2.424 -147.51   64.97    22.8    11.4    17.1    15.3     7.9    11.74 C    30.3     9.5    15.9    95.6    45.0    78.9 -99.000 -99.000 -99.000 -99.000 -99.000 -9999.0 -9999.0 -9999.0 -9999.0 -9999.0
26494 20140805  2.424 -147.51   64.97    14.2    10.7    12.4    12.7    18.2     4.15 C    16.2     9.8    13.3    96.1    81.3    91.8 -99.000 -99.000 -99.000 -99.000 -99.000 -9999.0 -9999.0 -9999.0 -9999.0 -9999.0
26494 20140806  2.424 -147.51   64.97    18.3     8.2    13.2    13.5     0.0    18.02 C    24.9     8.9    15.1    97.4    47.6    75.6 -99.000 -99.000 -99.000 -99.000 -99.000 -9999.0 -9999.0 -9999.0 -9999.0 -9999.0
26494 20140807  2.424 -147.51   64.97    20.5    10.4    15.5    15.4     0.0    22.84 C    26.0     8.0    16.4    88.3    34.9    58.5 -99.000 -99.000 -99.000 -99.000 -99.000 -9999.0 -9999.0 -9999.0 -9999.0 -9999.0
26494 20140808  2.424 -147.51   64.97    21.8    12.0    16.9    17.3     0.0    22.26 C    28.2     8.9    16.9    59.8    28.2    42.3 -99.000 -99.000 -99.000 -99.000 -99.000 -9999.0 -9999.0 -9999.0 -9999.0 -9999.0
26494 20140809  2.424 -147.51   64.97    23.9    11.1    17.5    17.3     0.0    17.70 C    30.3     7.0    16.6    68.6    29.7    48.8 -99.000 -99.000 -99.000 -99.000 -99.000 -9999.0 -9999.0 -9999.0 -9999.0 -9999.0
26494 20140810  2.424 -147.51   64.97    22.2    14.2    18.2    18.1     0.0    16.60 C    28.5    11.7    17.7    58.4    36.4    49.3 -99.000 -99.000 -99.000 -99.000 -99.000 -9999.0 -9999.0 -9999.0 -9999.0 -9999.0
26494 20140811  2.424 -147.51   64.97    24.0    11.8    17.9    18.2     0.0    18.83 C    29.8     8.6    17.8    75.9    33.8    53.0 -99.000 -99.000 -99.000 -99.000 -99.000 -9999.0 -9999.0 -9999.0 -9999.0 -9999.0
26494 20140812  2.424 -147.51   64.97    17.4    11.7    14.6    14.2     8.2     6.18 C    19.6     9.9    13.9    93.5    52.4    77.9 -99.000 -99.000 -99.000 -99.000 -99.000 -9999.0 -9999.0 -9999.0 -9999.0 -9999.0
26494 20140813  2.424 -147.51   64.97    22.2    11.5    16.9    16.9     0.0    17.14 C    27.1     8.6    16.2    87.2    34.0    56.3 -99.000 -99.000 -99.000 -99.000 -99.000 -9999.0 -9999.0 -9999.0 -9999.0 -9999.0
26494 20140814  2.424 -147.51   64.97    22.3    10.3    16.3    17.3     0.0    19.18 C    26.0     8.7    16.9    87.8    31.9    52.9 -99.000 -99.000 -99.000 -99.000 -99.000 -9999.0 -9999.0 -9999.0 -9999.0 -9999.0
26494 20140815  2.424 -147.51   64.97    18.0     8.5    13.2    14.7     2.9    10.63 C    23.4     6.4    13.9    90.3    49.7    67.5 -99.000 -99.000 -99.000 -99.000 -99.000 -9999.0 -9999.0 -9999.0 -9999.0 -9999.0
26494 20140816  2.424 -147.51   64.97    18.8     6.3    12.6    13.2     0.0    14.78 C    21.5     4.6    12.3    94.0    34.5    61.0 -99.000 -99.000 -99.000 -99.000 -99.000 -9999.0 -9999.0 -9999.0 -9999.0 -9999.0
26494 20140817  2.424 -147.51   64.97    16.4     8.3    12.3    12.3     6.3     5.96 C    19.5     5.5    12.0    95.6    43.7    72.0 -99.000 -99.000 -99.000 -99.000 -99.000 -9999.0 -9999.0 -9999.0 -9999.0 -9999.0
26494 20140818  2.424 -147.51   64.97    16.7     9.7    13.2    12.3     3.7    13.10 C    22.8     8.4    13.2    95.6    54.3    83.7 -99.000 -99.000 -99.000 -99.000 -99.000 -9999.0 -9999.0 -9999.0 -9999.0 -9999.0
26494 20140819  2.424 -147.51   64.97    15.9     9.3    12.6    12.4     2.2     9.86 C    23.1     7.5    12.9    95.0    64.5    84.1 -99.000 -99.000 -99.000 -99.000 -99.000 -9999.0 -9999.0 -9999.0 -9999.0 -9999.0
26494 20140820  2.424 -147.51   64.97    17.2     7.9    12.5    12.3     0.0    11.16 C    22.4     5.6    12.4    95.5    53.5    81.5 -99.000 -99.000 -99.000 -99.000 -99.000 -9999.0 -9999.0 -9999.0 -9999.0 -9999.0
26494 20140821  2.424 -147.51   64.97    16.3     6.6    11.4    11.6     0.0    13.12 C    20.8     3.6    12.0    96.0    45.9    74.9 -99.000 -99.000 -99.000 -99.000 -99.000 -9999.0 -9999.0 -9999.0 -9999.0 -9999.0
26494 20140822  2.424 -147.51   64.97    17.3     5.6    11.4    11.1     0.0    15.30 C    22.6     2.9    10.8    87.3    42.9    66.8 -99.000 -99.000 -99.000 -99.000 -99.000 -9999.0 -9999.0 -9999.0 -9999.0 -9999.0
26494 20140823  2.424 -147.51   64.97    17.0     7.1    12.0    11.4     0.0    12.55 C    21.8     4.7    11.6    88.0    44.2    70.5 -99.000 -99.000 -99.000 -99.000 -99.000 -9999.0 -9999.0 -9999.0 -9999.0 -9999.0
26494 20140824  2.424 -147.51   64.97    20.6     7.5    14.1    14.0     0.8    15.13 C    24.1     4.4    12.9    88.4    32.1    58.4 -99.000 -99.000 -99.000 -99.000 -99.000 -9999.0 -9999.0 -9999.0 -9999.0 -9999.0
26494 20140825  2.424 -147.51   64.97    15.3     8.5    11.9    11.6     2.8     8.92 C    19.0     7.3    12.0    93.9    59.5    81.6 -99.000 -99.000 -99.000 -99.000 -99.000 -9999.0 -9999.0 -9999.0 -9999.0 -9999.0
26494 20140826  2.424 -147.51   64.97    14.6     9.2    11.9    10.9     4.8     8.53 C    19.7     8.5    11.5    95.6    60.6    85.4 -99.000 -99.000 -99.000 -99.000 -99.000 -9999.0 -9999.0 -9999.0 -9999.0 -9999.0
26494 20140827  2.424 -147.51   64.97    14.5     7.3    10.9    11.0     0.8    12.32 C    19.2     5.4    11.8    94.1    57.1    79.6 -99.000 -99.000 -99.000 -99.000 -99.000 -9999.0 -9999.0 -9999.0 -9999.0 -9999.0
26494 20140828  2.424 -147.51   64.97    14.6     6.1    10.4    10.8     0.3     6.77 C    16.3     3.7    10.5    93.0    54.0    77.5 -99.000 -99.000 -99.000 -99.000 -99.000 -9999.0 -9999.0 -9999.0 -9999.0 -9999.0
26494 20140829  2.424 -147.51   64.97     9.7     0.6     5.2     7.4     2.1     7.97 C    12.4    -1.0     7.6    94.7    56.2    82.4 -99.000 -99.000 -99.000 -99.000 -99.000 -9999.0 -9999.0 -9999.0 -9999.0 -9999.0
26494 20140830  2.424 -147.51   64.97     9.1    -1.5     3.8     3.8     0.0    13.62 C    15.5    -2.9     4.5    93.8    41.1    69.4 -99.000 -99.000 -99.000 -99.000 -99.000 -9999.0 -9999.0 -9999.0 -9999.0 -9999.0
26494 20140831  2.424 -147.51   64.97     8.3    -0.8     3.7     4.0     0.0    10.36 C    14.8    -2.0     4.2    90.7    44.1    67.8 -99.000 -99.000 -99.000 -99.000 -99.000 -9999.0 -9999.0 -9999.0 -9999.0 -9999.0
26494 20140901  2.424 -147.51   64.97     6.8     0.7     3.8     4.6    32.3     3.40 C     6.7     0.1     4.4    93.0    67.0    81.1 -99.000 -99.000 -99.000 -99.000 -99.000 -9999.0 -9999.0 -9999.0 -9999.0 -9999.0
26494 20140902  2.424 -147.51   64.97     8.1     0.6     4.3     5.5    19.1    12.63 C    12.1    -1.4     5.9    95.5    46.9    74.2 -99.000 -99.000 -99.000 -99.000 -99.000 -9999.0 -9999.0 -9999.0 -9999.0 -9999.0
26494 20140903  2.424 -147.51   64.97     7.8    -0.7     3.6     3.7     0.0    15.32 C    12.2    -3.4     3.8    91.6    38.0    65.3 -99.000 -99.000 -99.000 -99.000 -99.000 -9999.0 -9999.0 -9999.0 -9999.0 -9999.0
26494 20140904  2.424 -147.51   64.97    11.0    -2.3     4.3     4.8     0.0    13.90 C    15.6    -5.0     4.3    87.2    28.8    55.1 -99.000 -99.000 -99.000 -99.000 -99.000 -9999.0 -9999.0 -9999.0 -9999.0 -9999.0
26494 20140905  2.424 -147.51   64.97    12.4     3.7     8.0     7.2     0.0    11.45 C    15.4     0.5     6.2    49.7    28.1    36.3 -99.000 -99.000 -99.000 -99.000 -99.000 -9999.0 -9999.0 -9999.0 -9999.0 -9999.0
26494 20140906  2.424 -147.51   64.97    11.6     2.8     7.2     6.9     0.0    12.10 C    16.9    -0.5     5.8    57.5    25.4    37.4 -99.000 -99.000 -99.000 -99.000 -99.000 -9999.0 -9999.0 -9999.0 -9999.0 -9999.0
26494 20140907  2.424 -147.51   64.97    13.0     0.8     6.9     6.9     0.0    13.68 C    18.2    -3.0     5.6    62.4    26.3    43.2 -99.000 -99.000 -99.000 -99.000 -99.000 -9999.0 -9999.0 -9999.0 -9999.0 -9999.0
26494 20140908  2.424 -147.51   64.97    15.6     4.3    10.0     9.9     0.0    14.35 C    19.3    -0.1     8.7    70.5    32.1    43.2 -99.000 -99.000 -99.000 -99.000 -99.000 -9999.0 -9999.0 -9999.0 -9999.0 -9999.0
26494 20140909  2.424 -147.51   64.97    16.7     5.5    11.1    11.4     0.0    11.69 C    22.0     1.1     9.8    75.1    35.1    54.6 -99.000 -99.000 -99.000 -99.000 -99.000 -9999.0 -9999.0 -9999.0 -9999.0 -9999.0
26494 20140910  2.424 -147.51   64.97    16.9     8.0    12.5    12.5     0.0    11.26 C    20.2     4.3    11.6    75.8    41.0    58.4 -99.000 -99.000 -99.000 -99.000 -99.000 -9999.0 -9999.0 -9999.0 -9999.0 -9999.0
26494 20140911  2.424 -147.51   64.97    18.1     7.2    12.6    12.1     0.0    10.49 C    21.0     4.2    10.7    87.2    37.3    62.9 -99.000 -99.000 -99.000 -99.000 -99.000 -9999.0 -9999.0 -9999.0 -9999.0 -9999.0
26494 20140912  2.424 -147.51   64.97    19.1     9.8    14.4    15.1     0.0    10.22 C    21.6     5.7    12.8    69.0    35.3    46.7 -99.000 -99.000 -99.000 -99.000 -99.000 -9999.0 -9999.0 -9999.0 -9999.0 -9999.0
26494 20140913  2.424 -147.51   64.97    21.4    14.9    18.2    17.5     0.0     6.37 C    23.2     9.3    14.9    58.0    36.2    47.9 -99.000 -99.000 -99.000 -99.000 -99.000 -9999.0 -9999.0 -9999.0 -9999.0 -9999.0
26494 20140914  2.424 -147.51   64.97    21.5    13.5    17.5    17.4     0.0    11.17 C    23.4     7.6    15.1    62.7    31.4    45.3 -99.000 -99.000 -99.000 -99.000 -99.000 -9999.0 -9999.0 -9999.0 -9999.0 -9999.0
26494 20140915  2.424 -147.51   64.97    19.1     8.1    13.6    13.6     0.2     6.38 C    22.5     3.7    10.7    69.4    35.4    49.7 -99.000 -99.000 -99.000 -99.000 -99.000 -9999.0 -9999.0 -9999.0 -9999.0 -9999.0
26494 20140916  2.424 -147.51   64.97    14.0     5.2     9.6     9.6     0.0     8.51 C    16.8     1.8     7.9    80.2    47.2    62.8 -99.000 -99.000 -99.000 -99.000 -99.000 -9999.0 -9999.0 -9999.0 -9999.0 -9999.0
26494 20140917  2.424 -147.51   64.97    16.3     5.2    10.8    11.1     0.0    11.01 C    18.2     1.0     8.9    75.5    30.1    48.3 -99.000 -99.000 -99.000 -99.000 -99.000 -9999.0 -9999.0 -9999.0 -9999.0 -9999.0
26494 20140918  2.424 -147.51   64.97    17.9     5.2    11.5    12.1     0.0     9.14 C    18.7     0.6     9.8    63.0    27.5    41.8 -99.000 -99.000 -99.000 -99.000 -99.000 -9999.0 -9999.0 -9999.0 -9999.0 -9999.0
26494 20140919  2.424 -147.51   64.97    14.9     5.2    10.1    10.4     0.0    10.38 C    18.2     1.5     9.1    74.3    40.3    53.8 -99.000 -99.000 -99.000 -99.000 -99.000 -9999.0 -9999.0 -9999.0 -9999.0 -9999.0
26494 20140920  2.424 -147.51   64.97     9.2     6.3     7.7     7.4    13.6     1.35 C     8.8     5.7     7.2    95.7    71.3    88.1 -99.000 -99.000 -99.000 -99.000 -99.000 -9999.0 -9999.0 -9999.0 -9999.0 -9999.0
26494 20140921  2.424 -147.51   64.97     7.4    -0.6     3.4     3.2     8.6     3.06 C     7.2    -0.3     3.7    95.7    77.7    87.8 -99.000 -99.000 -99.000 -99.000 -99.000 -9999.0 -9999.0 -9999.0 -9999.0 -9999.0
26494 20140922  2.424 -147.51   64.97     3.5    -2.1     0.7     0.9     0.0     5.23 C     8.0    -3.9     1.1    96.2    55.9    78.8 -99.000 -99.000 -99.000 -99.000 -99.000 -9999.0 -9999.0 -9999.0 -9999.0 -9999.0
26494 20140923  2.424 -147.51   64.97     3.1    -3.5    -0.2     0.5     1.6     2.77 C     5.0    -6.2    -0.1    95.6    67.4    77.9 -99.000 -99.000 -99.000 -99.000 -99.000 -9999.0 -9999.0 -9999.0 -9999.0 -9999.0
26494 20140924  2.424 -147.51   64.97     3.2    -4.2    -0.5    -0.9     0.0     7.10 C     8.6    -6.5    -1.0    95.2    53.2    81.4 -99.000 -99.000 -99.000 -99.000 -99.000 -9999.0 -9999.0 -9999.0 -9999.0 -9999.0
26494 20140925  2.424 -147.51   64.97     6.0    -4.5     0.8     0.4     0.0     9.46 C     9.3    -7.3    -0.8    91.8    37.9    67.3 -99.000 -99.000 -99.000 -99.000 -99.000 -9999.0 -9999.0 -9999.0 -9999.0 -9999.0
26494 20140926  2.424 -147.51   64.97     9.3     0.1     4.7     4.5     0.0     8.16 C    12.3    -3.8     2.6    59.0    30.5    40.8 -99.000 -99.000 -99.000 -99.000 -99.000 -9999.0 -9999.0 -9999.0 -9999.0 -9999.0
26494 20140927  2.424 -147.51   64.97     8.4    -1.7     3.3     3.0     0.0     8.80 C    12.1    -5.6     1.2    68.8    35.5    50.3 -99.000 -99.000 -99.000 -99.000 -99.000 -9999.0 -9999.0 -9999.0 -9999.0 -9999.0
26494 20140928  2.424 -147.51   64.97     4.8    -3.4     0.7     0.7     0.2     7.81 C     9.3    -6.7    -0.4    82.9    52.2    66.8 -99.000 -99.000 -99.000 -99.000 -99.000 -9999.0 -9999.0 -9999.0 -9999.0 -9999.0
26494 20140929  2.424 -147.51   64.97     4.5    -0.8     1.9     1.1     0.2     3.99 C     9.5    -1.9     1.3    95.5    56.3    77.5 -99.000 -99.000 -99.000 -99.000 -99.000 -9999.0 -9999.0 -9999.0 -9999.0 -9999.0
26494 20140930  2.424 -147.51   64.97     0.7    -1.2    -0.3     0.0     2.7     1.45 C     0.2    -3.5    -0.5    94.0    72.3    84.8 -99.000 -99.000 -99.000 -99.000 -99.000 -9999.0 -9999.0 -9999.0 -9999.0 -9999.0
26494 20141001  2.424 -147.51   64.97     1.4    -3.0    -0.8    -0.1     0.0     0.84 C     0.9    -6.0    -0.8    93.1    78.9    87.5 -99.000 -99.000 -99.000 -99.000 -99.000 -9999.0 -9999.0 -9999.0 -9999.0 -9999.0
26494 20141002  2.424 -147.51   64.97     5.1    -1.5     1.8     1.9     0.0     6.43 C     9.5    -3.5     1.4    94.3    51.5    75.9 -99.000 -99.000 -99.000 -99.000 -99.000 -9999.0 -9999.0 -9999.0 -9999.0 -9999.0
26494 20141003  2.424 -147.51   64.97     3.0    -0.3     1.3     1.2     0.2     3.65 C     4.6    -2.3     0.4    81.7    56.5    66.5 -99.000 -99.000 -99.000 -99.000 -99.000 -9999.0 -9999.0 -9999.0 -9999.0 -9999.0
26494 20141004  2.424 -147.51   64.97    -0.3    -3.6    -1.9    -1.7     5.9     1.26 C    -0.2    -8.4    -1.9    94.9    83.5    89.6 -99.000 -99.000 -99.000 -99.000 -99.000 -9999.0 -9999.0 -9999.0 -9999.0 -9999.0
26494 20141005  2.424 -147.51   64.97    -2.6    -4.7    -3.7    -3.6     4.3     0.35 C    -2.5    -8.6    -3.9    94.5    81.8    88.8 -99.000 -99.000 -99.000 -99.000 -99.000 -9999.0 -9999.0 -9999.0 -9999.0 -9999.0
26494 20141006  2.424 -147.51   64.97    -3.4    -8.2    -5.8    -4.8     3.0     3.53 C    -3.1   -13.4    -6.2    91.1    76.5    85.9 -99.000 -99.000 -99.000 -99.000 -99.000 -9999.0 -9999.0 -9999.0 -9999.0 -9999.0
26494 20141007  2.424 -147.51   64.97    -5.8   -10.2    -8.0    -7.3     0.0     2.20 C    -5.5   -14.5    -8.4    91.9    75.5    86.2 -99.000 -99.000 -99.000 -99.000 -99.000 -9999.0 -9999.0 -9999.0 -9999.0 -9999.0
26494 20141008  2.424 -147.51   64.97    -5.1    -8.6    -6.8    -6.9     0.0     2.71 C    -4.6    -9.9    -7.6    88.9    55.7    76.7 -99.000 -99.000 -99.000 -99.000 -99.000 -9999.0 -9999.0 -9999.0 -9999.0 -9999.0
26494 20141009  2.424 -147.51   64.97    -2.1    -8.8    -5.4    -5.1     0.0     6.54 C    -3.5   -13.0    -6.9    79.6    55.4    65.3 -99.000 -99.000 -99.000 -99.000 -99.000 -9999.0 -9999.0 -9999.0 -9999.0 -9999.0
26494 20141010  2.424 -147.51   64.97    -0.1    -3.1    -1.6    -1.8     0.0     1.48 C    -0.7    -6.3    -3.3    76.6    61.3    67.9 -99.000 -99.000 -99.000 -99.000 -99.000 -9999.0 -9999.0 -9999.0 -9999.0 -9999.0
26494 20141011  2.424 -147.51   64.97     4.1    -3.2     0.4     0.5     0.0     4.54 C     1.8    -6.3    -1.8    78.8    53.3    65.4 -99.000 -99.000 -99.000 -99.000 -99.000 -9999.0 -9999.0 -9999.0 -9999.0 -9999.0
26494 20141012  2.424 -147.51   64.97     0.4    -4.5    -2.1    -1.3     0.0     2.24 C     0.4    -8.6    -2.7    94.3    72.3    82.9 -99.000 -99.000 -99.000 -99.000 -99.000 -9999.0 -9999.0 -9999.0 -9999.0 -9999.0
26494 20141013  2.424 -147.51   64.97     0.2    -5.1    -2.5    -2.3     0.0     1.33 C    -0.2    -9.1    -4.0    93.6    73.4    85.6 -99.000 -99.000 -99.000 -99.000 -99.000 -9999.0 -9999.0 -9999.0 -9999.0 -9999.0
26494 20141014  2.424 -147.51   64.97     0.1    -6.4    -3.2    -2.4     0.0     4.25 C    -1.1   -11.2    -4.3    87.1    54.6    67.4 -99.000 -99.000 -99.000 -99.000 -99.000 -9999.0 -9999.0 -9999.0 -9999.0 -9999.0
26494 20141015  2.424 -147.51   64.97    -2.0    -6.8    -4.4    -3.9     0.0     1.92 C    -2.8   -12.0    -5.8    74.3    57.0    65.0 -99.000 -99.000 -99.000 -99.000 -99.000 -9999.0 -9999.0 -9999.0 -9999.0 -9999.0
26494 20141016  2.424 -147.51   64.97     1.0    -4.7    -1.9    -2.5     0.0     4.33 C     2.0    -9.6    -4.5    80.0    58.1    70.3 -99.000 -99.000 -99.000 -99.000 -99.000 -9999.0 -9999.0 -9999.0 -9999.0 -9999.0
26494 20141017  2.424 -147.51   64.97     1.5    -4.8    -1.7    -2.2     0.0     4.40 C     1.1    -9.4    -6.2    86.6    58.6    74.4 -99.000 -99.000 -99.000 -99.000 -99.000 -9999.0 -9999.0 -9999.0 -9999.0 -9999.0
26494 20141018  2.424 -147.51   64.97     3.5    -4.3    -0.4    -0.5     0.0     4.20 C     1.0    -9.1    -3.7    79.1    48.6    62.0 -99.000 -99.000 -99.000 -99.000 -99.000 -9999.0 -9999.0 -9999.0 -9999.0 -9999.0
26494 20141019  2.424 -147.51   64.97     0.6    -3.8    -1.6    -1.2     0.0     1.78 C    -0.6    -4.6    -2.4    74.3    56.7    63.2 -99.000 -99.000 -99.000 -99.000 -99.000 -9999.0 -9999.0 -9999.0 -9999.0 -9999.0
26494 20141020  2.424 -147.51   64.97     1.1    -1.4    -0.1    -0.4     0.0     1.83 C     0.8    -3.3    -1.7    68.2    55.7    62.2 -99.000 -99.000 -99.000 -99.000 -99.000 -9999.0 -9999.0 -9999.0 -9999.0 -9999.0
26494 20141021  2.424 -147.51   64.97     1.1    -4.1    -1.5    -1.5     0.0     1.62 C     0.9    -7.9    -3.9    81.8    62.5    71.1 -99.000 -99.000 -99.000 -99.000 -99.000 -9999.0 -9999.0 -9999.0 -9999.0 -9999.0
26494 20141022  2.424 -147.51   64.97    -1.4    -8.2    -4.8    -5.2     0.0     3.42 C    -0.5   -12.0    -8.3    89.7    64.0    78.9 -99.000 -99.000 -99.000 -99.000 -99.000 -9999.0 -9999.0 -9999.0 -9999.0 -9999.0
26494 20141023  2.424 -147.51   64.97    -5.7    -9.3    -7.5    -7.1     0.0     0.62 C    -4.4   -12.5    -7.0    90.2    80.3    85.4 -99.000 -99.000 -99.000 -99.000 -99.000 -9999.0 -9999.0 -9999.0 -9999.0 -9999.0
26494 20141024  2.424 -147.51   64.97    -4.3    -7.0    -5.7    -5.8     1.1     1.06 C    -3.2    -8.3    -5.9    92.4    78.7    87.4 -99.000 -99.000 -99.000 -99.000 -99.000 -9999.0 -9999.0 -9999.0 -9999.0 -9999.0
26494 20141025  2.424 -147.51   64.97    -5.0    -9.6    -7.3    -6.1     0.0     1.14 C    -4.2   -14.1    -6.4    92.5    79.9    86.2 -99.000 -99.000 -99.000 -99.000 -99.000 -9999.0 -9999.0 -9999.0 -9999.0 -9999.0
26494 20141026  2.424 -147.51   64.97    -6.1   -11.9    -9.0   -10.0     0.0     2.44 C    -8.0   -17.0   -13.5    90.0    70.8    84.5 -99.000 -99.000 -99.000 -99.000 -99.000 -9999.0 -9999.0 -9999.0 -9999.0 -9999.0
26494 20141027  2.424 -147.51   64.97    -4.8    -9.8    -7.3    -7.1     0.0     1.37 C    -6.7   -15.2   -10.7    84.9    50.4    70.5 -99.000 -99.000 -99.000 -99.000 -99.000 -9999.0 -9999.0 -9999.0 -9999.0 -9999.0
26494 20141028  2.424 -147.51   64.97    -3.8   -10.9    -7.4    -7.4     0.0     2.17 C    -5.9   -16.7   -12.6    69.1    44.8    58.2 -99.000 -99.000 -99.000 -99.000 -99.000 -9999.0 -9999.0 -9999.0 -9999.0 -9999.0
26494 20141029  2.424 -147.51   64.97    -9.6   -13.7   -11.7   -12.3     0.0     0.90 C   -10.0   -17.5   -13.8    88.9    65.2    77.9 -99.000 -99.000 -99.000 -99.000 -99.000 -9999.0 -9999.0 -9999.0 -9999.0 -9999.0
26494 20141030  2.424 -147.51   64.97   -11.5   -15.8   -13.6   -13.3     0.0     1.62 C    -9.1   -18.7   -13.5    87.3    80.7    84.5 -99.000 -99.000 -99.000 -99.000 -99.000 -9999.0 -9999.0 -9999.0 -9999.0 -9999.0
26494 20141031  2.424 -147.51   64.97    -7.4   -14.3   -10.9    -9.2     0.0     1.84 C    -8.5   -14.3   -11.0    84.5    54.6    61.9 -99.000 -99.000 -99.000 -99.000 -99.000 -9999.0 -9999.0 -9999.0 -9999.0 -9999.0
26494 20141101  2.424 -147.51   64.97    -5.8    -9.2    -7.5    -7.9     0.0     1.99 C    -6.7   -12.9   -10.2    59.3    51.5    55.7 -99.000 -99.000 -99.000 -99.000 -99.000 -9999.0 -9999.0 -9999.0 -9999.0 -9999.0
26494 20141102  2.424 -147.51   64.97    -7.1    -9.5    -8.3    -8.1     0.0     1.68 C    -6.7   -11.9    -8.9    70.2    52.6    57.1 -99.000 -99.000 -99.000 -99.000 -99.000 -9999.0 -9999.0 -9999.0 -9999.0 -9999.0
26494 20141103  2.424 -147.51   64.97    -7.1   -14.1   -10.6    -9.7     0.0     1.35 C    -8.0   -18.0   -12.9    84.2    56.8    67.8 -99.000 -99.000 -99.000 -99.000 -99.000 -9999.0 -9999.0 -9999.0 -9999.0 -9999.0
26494 20141104  2.424 -147.51   64.97   -13.1   -16.9   -15.0   -15.2     0.0     1.59 C   -12.6   -19.8   -18.1    85.1    74.7    81.3 -99.000 -99.000 -99.000 -99.000 -99.000 -9999.0 -9999.0 -9999.0 -9999.0 -9999.0
26494 20141105  2.424 -147.51   64.97    -6.5   -15.9   -11.2   -11.4     0.0     1.26 C    -9.0   -19.3   -15.2    87.2    66.4    81.2 -99.000 -99.000 -99.000 -99.000 -99.000 -9999.0 -9999.0 -9999.0 -9999.0 -9999.0
26494 20141106  2.424 -147.51   64.97    -6.2   -10.3    -8.3    -7.9     0.0     0.94 C    -8.1   -14.4   -11.1    72.3    49.3    58.6 -99.000 -99.000 -99.000 -99.000 -99.000 -9999.0 -9999.0 -9999.0 -9999.0 -9999.0
26494 20141107  2.424 -147.51   64.97    -2.5    -9.1    -5.8    -5.9     0.0     0.69 C    -6.7   -14.1   -11.1    66.7    42.3    53.4 -99.000 -99.000 -99.000 -99.000 -99.000 -9999.0 -9999.0 -9999.0 -9999.0 -9999.0
26494 20141108  2.424 -147.51   64.97     0.2    -7.2    -3.5    -3.6     0.0     0.11 C    -5.7   -12.4   -10.0    67.6    43.1    57.0 -99.000 -99.000 -99.000 -99.000 -99.000 -9999.0 -9999.0 -9999.0 -9999.0 -9999.0
26494 20141109  2.424 -147.51   64.97     3.7    -4.4    -0.3     1.5     0.0     0.17 C    -0.3   -10.2    -3.9    66.5    44.5    49.8 -99.000 -99.000 -99.000 -99.000 -99.000 -9999.0 -9999.0 -9999.0 -9999.0 -9999.0
26494 20141110  2.424 -147.51   64.97     5.2     1.8     3.5     3.7     0.0     0.21 C     0.7    -6.2    -2.2    56.6    42.7    47.9 -99.000 -99.000 -99.000 -99.000 -99.000 -9999.0 -9999.0 -9999.0 -9999.0 -9999.0
26494 20141111  2.424 -147.51   64.97     6.8     2.5     4.6     4.6     0.0     0.21 C     2.1    -4.9    -0.8    55.2    39.5    46.4 -99.000 -99.000 -99.000 -99.000 -99.000 -9999.0 -9999.0 -9999.0 -9999.0 -9999.0
26494 20141112  2.424 -147.51   64.97     8.0    -1.5     3.2     3.7     0.0     0.31 C     2.3    -5.8    -0.7    80.9    40.8    54.8 -99.000 -99.000 -99.000 -99.000 -99.000 -9999.0 -9999.0 -9999.0 -9999.0 -9999.0
26494 20141113  2.424 -147.51   64.97     0.1    -3.4    -1.7    -1.3     0.0     0.00 C    -4.3    -8.1    -6.0    86.3    63.4    77.5 -99.000 -99.000 -99.000 -99.000 -99.000 -9999.0 -9999.0 -9999.0 -9999.0 -9999.0
26494 20141114  2.424 -147.51   64.97    -0.8    -6.1    -3.4    -3.1     0.0     0.18 C    -5.9   -11.3    -8.4    89.6    71.4    80.5 -99.000 -99.000 -99.000 -99.000 -99.000 -9999.0 -9999.0 -9999.0 -9999.0 -9999.0
26494 20141115  2.424 -147.51   64.97    -1.6    -6.7    -4.1    -4.7     0.0     0.00 C    -8.2   -11.8   -10.5    83.4    54.9    73.4 -99.000 -99.000 -99.000 -99.000 -99.000 -9999.0 -9999.0 -9999.0 -9999.0 -9999.0
26494 20141116  2.424 -147.51   64.97    -2.4    -7.7    -5.0    -4.9     0.0     0.10 C    -6.8   -12.5   -10.2    72.4    39.9    56.4 -99.000 -99.000 -99.000 -99.000 -99.000 -9999.0 -9999.0 -9999.0 -9999.0 -9999.0
26494 20141117  2.424 -147.51   64.97     0.7    -6.1    -2.7    -2.4     0.0     0.20 C    -4.8    -9.1    -7.5    80.0    39.0    62.5 -99.000 -99.000 -99.000 -99.000 -99.000 -9999.0 -9999.0 -9999.0 -9999.0 -9999.0
26494 20141118  2.424 -147.51   64.97     5.5    -3.5     1.0     0.9     0.0     0.09 C     1.1    -8.9    -4.0    85.2    37.0    59.9 -99.000 -99.000 -99.000 -99.000 -99.000 -9999.0 -9999.0 -9999.0 -9999.0 -9999.0
26494 20141119  2.424 -147.51   64.97     5.5    -1.1     2.2     1.4     0.0     0.00 C     0.9    -7.6    -4.0    71.8    40.0    54.3 -99.000 -99.000 -99.000 -99.000 -99.000 -9999.0 -9999.0 -9999.0 -9999.0 -9999.0
26494 20141120  2.424 -147.51   64.97     2.3    -2.8    -0.3    -0.5     0.0     0.06 C    -3.5    -9.4    -5.7    59.4    41.3    48.7 -99.000 -99.000 -99.000 -99.000 -99.000 -9999.0 -9999.0 -9999.0 -9999.0 -9999.0
26494 20141121  2.424 -147.51   64.97    -1.8   -11.0    -6.4    -6.5     0.0     0.00 C    -5.2   -13.5    -9.1    54.6    33.7    47.0 -99.000 -99.000 -99.000 -99.000 -99.000 -9999.0 -9999.0 -9999.0 -9999.0 -9999.0
26494 20141122  2.424 -147.51   64.97   -11.0   -15.1   -13.0   -13.2     0.0     0.00 C   -13.3   -17.6   -15.4    52.5    30.4    38.8 -99.000 -99.000 -99.000 -99.000 -99.000 -9999.0 -9999.0 -9999.0 -9999.0 -9999.0
26494 20141123  2.424 -147.51   64.97   -11.4   -15.0   -13.2   -13.2     0.0     0.03 C   -11.0   -17.9   -14.6    82.5    51.3    67.8 -99.000 -99.000 -99.000 -99.000 -99.000 -9999.0 -9999.0 -9999.0 -9999.0 -9999.0
26494 20141124  2.424 -147.51   64.97    -9.8   -13.3   -11.6   -11.2     0.0     0.09 C    -9.1   -16.8   -12.9    86.3    74.6    81.7 -99.000 -99.000 -99.000 -99.000 -99.000 -9999.0 -9999.0 -9999.0 -9999.0 -9999.0
26494 20141125  2.424 -147.51   64.97    -9.5   -12.0   -10.8   -11.0     3.7     0.00 C    -9.1   -15.1   -10.9    88.9    78.3    84.7 -99.000 -99.000 -99.000 -99.000 -99.000 -9999.0 -9999.0 -9999.0 -9999.0 -9999.0
26494 20141126  2.424 -147.51   64.97   -11.5   -15.9   -13.7   -13.9     0.0     0.00 C   -12.8   -23.8   -19.1    86.5    67.9    80.1 -99.000 -99.000 -99.000 -99.000 -99.000 -9999.0 -9999.0 -9999.0 -9999.0 -9999.0
26494 20141127  2.424 -147.51   64.97   -11.7   -14.8   -13.2   -13.1     0.0     0.00 C   -16.1   -22.7   -20.6    82.7    55.9    73.5 -99.000 -99.000 -99.000 -99.000 -99.000 -9999.0 -9999.0 -9999.0 -9999.0 -9999.0
26494 20141128  2.424 -147.51   64.97   -13.7   -17.2   -15.5   -15.7     0.0     0.00 C   -13.1   -23.8   -17.7    84.0    60.8    76.4 -99.000 -99.000 -99.000 -99.000 -99.000 -9999.0 -9999.0 -9999.0 -9999.0 -9999.0
26494 20141129  2.424 -147.51   64.97   -10.7   -14.5   -12.6   -12.5     0.7     0.00 C   -10.2   -15.0   -12.1    88.5    79.0    84.6 -99.000 -99.000 -99.000 -99.000 -99.000 -9999.0 -9999.0 -9999.0 -9999.0 -9999.0
26494 20141130  2.424 -147.51   64.97    -8.2   -12.9   -10.5   -11.0     1.7     0.00 C    -8.2   -12.8   -10.8    91.4    77.8    85.2 -99.000 -99.000 -99.000 -99.000 -99.000 -9999.0 -9999.0 -9999.0 -9999.0 -9999.0
26494 20141201  2.424 -147.51   64.97    -6.0   -12.0    -9.0    -8.7     0.0     0.00 C    -7.4   -18.2   -13.2    90.8    62.6    83.6 -99.000 -99.000 -99.000 -99.000 -99.000 -9999.0 -9999.0 -9999.0 -9999.0 -9999.0
26494 20141202  2.424 -147.51   64.97    -5.5    -8.0    -6.8    -7.0     9.5     0.00 C    -6.0    -7.7    -6.9    91.6    79.8    88.4 -99.000 -99.000 -99.000 -99.000 -99.000 -9999.0 -9999.0 -9999.0 -9999.0 -9999.0
26494 20141203  2.424 -147.51   64.97    -4.1    -9.6    -6.8    -6.0     3.0     0.00 C    -4.5   -17.5    -8.2    93.2    84.4    89.2 -99.000 -99.000 -99.000 -99.000 -99.000 -9999.0 -9999.0 -9999.0 -9999.0 -9999.0
26494 20141204  2.424 -147.51   64.97    -7.8   -11.5    -9.7    -9.5     0.0     0.00 C   -13.8   -17.4   -15.9    88.7    83.5    86.7 -99.000 -99.000 -99.000 -99.000 -99.000 -9999.0 -9999.0 -9999.0 -9999.0 -9999.0
26494 20141205  2.424 -147.51   64.97   -10.2   -12.9   -11.5   -11.6     0.2     0.01 C   -11.0   -17.3   -12.9    88.1    81.2    86.0 -99.000 -99.000 -99.000 -99.000 -99.000 -9999.0 -9999.0 -9999.0 -9999.0 -9999.0
26494 20141206  2.424 -147.51   64.97   -11.2   -16.0   -13.6   -13.2     0.0     0.00 C   -11.9   -19.1   -15.8    87.7    72.3    82.1 -99.000 -99.000 -99.000 -99.000 -99.000 -9999.0 -9999.0 -9999.0 -9999.0 -9999.0
26494 20141207  2.424 -147.51   64.97    -4.7   -16.0   -10.3   -11.0     0.0     0.00 C    -6.2   -17.6   -11.7    87.8    69.0    80.8 -99.000 -99.000 -99.000 -99.000 -99.000 -9999.0 -9999.0 -9999.0 -9999.0 -9999.0
26494 20141208  2.424 -147.51   64.97    -5.0   -11.5    -8.3    -8.1     2.1     0.00 C    -5.8   -14.8   -10.4    90.1    64.7    79.6 -99.000 -99.000 -99.000 -99.000 -99.000 -9999.0 -9999.0 -9999.0 -9999.0 -9999.0
26494 20141209  2.424 -147.51   64.97    -8.3   -14.4   -11.3   -12.2     0.0     0.00 C   -10.2   -16.0   -13.0    66.7    54.9    59.8 -99.000 -99.000 -99.000 -99.000 -99.000 -9999.0 -9999.0 -9999.0 -9999.0 -9999.0
26494 20141210  2.424 -147.51   64.97   -11.5   -13.3   -12.4   -12.2     0.0     0.00 C   -11.5   -13.8   -12.4    73.2    55.8    60.3 -99.000 -99.000 -99.000 -99.000 -99.000 -9999.0 -9999.0 -9999.0 -9999.0 -9999.0
26494 20141211  2.424 -147.51   64.97   -11.4   -12.8   -12.1   -12.2     0.0     0.00 C   -11.0   -13.1   -11.5    76.7    66.1    70.7 -99.000 -99.000 -99.000 -99.000 -99.000 -9999.0 -9999.0 -9999.0 -9999.0 -9999.0
26494 20141212  2.424 -147.51   64.97   -12.4   -13.6   -13.0   -12.9     0.2     0.00 C   -11.3   -16.8   -12.1    88.3    76.3    84.8 -99.000 -99.000 -99.000 -99.000 -99.000 -9999.0 -9999.0 -9999.0 -9999.0 -9999.0
26494 20141213  2.424 -147.51   64.97    -9.1   -14.6   -11.8   -12.7     0.0     0.00 C   -10.8   -19.2   -15.2    87.4    80.1    84.2 -99.000 -99.000 -99.000 -99.000 -99.000 -9999.0 -9999.0 -9999.0 -9999.0 -9999.0
26494 20141214  2.424 -147.51   64.97    -0.2   -10.5    -5.4    -5.0     0.0     0.00 C    -4.4   -12.1    -8.3    90.9    49.5    77.4 -99.000 -99.000 -99.000 -99.000 -99.000 -9999.0 -9999.0 -9999.0 -9999.0 -9999.0
26494 20141215  2.424 -147.51   64.97     2.9    -5.8    -1.5    -0.6     0.0     0.01 C    -2.0   -10.1    -6.4    75.1    48.8    62.7 -99.000 -99.000 -99.000 -99.000 -99.000 -9999.0 -9999.0 -9999.0 -9999.0 -9999.0
26494 20141216  2.424 -147.51   64.97     3.1    -8.6    -2.7    -1.3     0.0     0.00 C    -1.2   -13.4    -6.5    91.4    48.5    66.2 -99.000 -99.000 -99.000 -99.000 -99.000 -9999.0 -9999.0 -9999.0 -9999.0 -9999.0
26494 20141217  2.424 -147.51   64.97    -7.4   -14.3   -10.9   -10.9     0.6     0.00 C    -7.2   -16.3   -10.6    90.5    84.8    87.2 -99.000 -99.000 -99.000 -99.000 -99.000 -9999.0 -9999.0 -9999.0 -9999.0 -9999.0
26494 20141218  2.424 -147.51   64.97    -6.6   -11.9    -9.3    -9.6     0.0     0.00 C    -7.2   -18.9   -13.7    91.9    85.3    88.5 -99.000 -99.000 -99.000 -99.000 -99.000 -9999.0 -9999.0 -9999.0 -9999.0 -9999.0
26494 20141219  2.424 -147.51   64.97    -8.3   -14.4   -11.3   -11.0     0.0     0.00 C   -12.4   -19.4   -16.3    89.3    66.4    81.7 -99.000 -99.000 -99.000 -99.000 -99.000 -9999.0 -9999.0 -9999.0 -9999.0 -9999.0
26494 20141220  2.424 -147.51   64.97    -4.7   -11.9    -8.3    -9.7     0.0     0.00 C    -8.0   -17.0   -14.6    84.5    56.8    76.1 -99.000 -99.000 -99.000 -99.000 -99.000 -9999.0 -9999.0 -9999.0 -9999.0 -9999.0
26494 20141221  2.424 -147.51   64.97    -4.0   -18.5   -11.2    -9.4     0.0     0.00 C    -7.3   -20.5   -13.8    89.4    59.9    76.4 -99.000 -99.000 -99.000 -99.000 -99.000 -9999.0 -9999.0 -9999.0 -9999.0 -9999.0
26494 20141222  2.424 -147.51   64.97   -14.4   -19.6   -17.0   -17.6     0.0     0.00 C   -15.8   -22.0   -18.7    83.9    78.9    80.9 -99.000 -99.000 -99.000 -99.000 -99.000 -9999.0 -9999.0 -9999.0 -9999.0 -9999.0
26494 20141223  2.424 -147.51   64.97   -15.6   -19.5   -17.6   -18.1     0.0     0.00 C   -15.3   -22.2   -17.5    82.8    79.4    81.0 -99.000 -99.000 -99.000 -99.000 -99.000 -9999.0 -9999.0 -9999.0 -9999.0 -9999.0
26494 20141224  2.424 -147.51   64.97    -8.1   -18.4   -13.3   -12.9     0.0     0.00 C    -9.5   -22.4   -16.2    87.2    80.0    84.3 -99.000 -99.000 -99.000 -99.000 -99.000 -9999.0 -9999.0 -9999.0 -9999.0 -9999.0
26494 20141225  2.424 -147.51   64.97    -1.5   -10.7    -6.1    -6.7     1.2     0.00 C    -4.8   -14.9    -9.6    90.3    52.9    78.7 -99.000 -99.000 -99.000 -99.000 -99.000 -9999.0 -9999.0 -9999.0 -9999.0 -9999.0
26494 20141226  2.424 -147.51   64.97    -4.9    -8.4    -6.6    -6.7     5.6     0.00 C    -5.7   -10.4    -7.2    91.7    75.8    87.0 -99.000 -99.000 -99.000 -99.000 -99.000 -9999.0 -9999.0 -9999.0 -9999.0 -9999.0
26494 20141227  2.424 -147.51   64.97    -7.8   -18.9   -13.3   -14.3     0.0     0.00 C    -8.6   -27.3   -21.2    89.3    43.6    75.9 -99.000 -99.000 -99.000 -99.000 -99.000 -9999.0 -9999.0 -9999.0 -9999.0 -9999.0
26494 20141228  2.424 -147.51   64.97     0.0   -12.6    -6.3    -6.3     0.0     0.00 C    -3.7   -18.7   -10.1    77.3    29.3    50.0 -99.000 -99.000 -99.000 -99.000 -99.000 -9999.0 -9999.0 -9999.0 -9999.0 -9999.0
26494 20141229  2.424 -147.51   64.97     3.4    -3.9    -0.3     0.7     0.0     0.00 C    -0.8    -5.5    -3.2    67.7    27.4    38.6 -99.000 -99.000 -99.000 -99.000 -99.000 -9999.0 -9999.0 -9999.0 -9999.0 -9999.0
26494 20141230  2.424 -147.51   64.97     5.6    -0.3     2.6     3.0     0.0     0.00 C     1.2    -7.0    -1.7    73.9    38.4    50.1 -99.000 -99.000 -99.000 -99.000 -99.000 -9999.0 -9999.0 -9999.0 -9999.0 -9999.0
26494 20141231  2.424 -147.51   64.97     3.0    -2.6     0.2    -0.1     1.8     0.00 C     0.5    -6.0    -2.1    96.1    62.6    87.2 -99.000 -99.000 -99.000 -99.000 -99.000 -9999.0 -9999.0 -9999.0 -9999.0 -9999.0
