96408 20160101 -9.000 -150.87   63.45 -9999.0 -9999.0 -9999.0 -9999.0 -9999.0 -9999.00 U -9999.0 -9999.0 -9999.0 -9999.0 -9999.0 -9999.0 -99.000 -99.000 -99.000 -99.000 -99.000 -9999.0 -9999.0 -9999.0 -9999.0 -9999.0
96408 20160102 -9.000 -150.87   63.45 -9999.0 -9999.0 -9999.0 -9999.0 -9999.0 -9999.00 U -9999.0 -9999.0 -9999.0 -9999.0 -9999.0 -9999.0 -99.000 -99.000 -99.000 -99.000 -99.000 -9999.0 -9999.0 -9999.0 -9999.0 -9999.0
96408 20160103 -9.000 -150.87   63.45 -9999.0 -9999.0 -9999.0 -9999.0 -9999.0 -9999.00 U -9999.0 -9999.0 -9999.0 -9999.0 -9999.0 -9999.0 -99.000 -99.000 -99.000 -99.000 -99.000 -9999.0 -9999.0 -9999.0 -9999.0 -9999.0
96408 20160104 -9.000 -150.87   63.45 -9999.0 -9999.0 -9999.0 -9999.0 -9999.0 -9999.00 U -9999.0 -9999.0 -9999.0 -9999.0 -9999.0 -9999.0 -99.000 -99.000 -99.000 -99.000 -99.000 -9999.0 -9999.0 -9999.0 -9999.0 -9999.0
96408 20160105 -9.000 -150.87   63.45 -9999.0 -9999.0 -9999.0 -9999.0 -9999.0 -9999.00 U -9999.0 -9999.0 -9999.0 -9999.0 -9999.0 -9999.0 -99.000 -99.000 -99.000 -99.000 -99.000 -9999.0 -9999.0 -9999.0 -9999.0 -9999.0
96408 20160106 -9.000 -150.87   63.45 -9999.0 -9999.0 -9999.0 -9999.0 -9999.0 -9999.00 U -9999.0 -9999.0 -9999.0 -9999.0 -9999.0 -9999.0 -99.000 -99.000 -99.000 -99.000 -99.000 -9999.0 -9999.0 -9999.0 -9999.0 -9999.0
96408 20160107 -9.000 -150.87   63.45 -9999.0 -9999.0 -9999.0 -9999.0 -9999.0 -9999.00 U -9999.0 -9999.0 -9999.0 -9999.0 -9999.0 -9999.0 -99.000 -99.000 -99.000 -99.000 -99.000 -9999.0 -9999.0 -9999.0 -9999.0 -9999.0
96408 20160108 -9.000 -150.87   63.45 -9999.0 -9999.0 -9999.0 -9999.0 -9999.0 -9999.00 U -9999.0 -9999.0 -9999.0 -9999.0 -9999.0 -9999.0 -99.000 -99.000 -99.000 -99.000 -99.000 -9999.0 -9999.0 -9999.0 -9999.0 -9999.0
96408 20160109 -9.000 -150.87   63.45 -9999.0 -9999.0 -9999.0 -9999.0 -9999.0 -9999.00 U -9999.0 -9999.0 -9999.0 -9999.0 -9999.0 -9999.0 -99.000 -99.000 -99.000 -99.000 -99.000 -9999.0 -9999.0 -9999.0 -9999.0 -9999.0
96408 20160110 -9.000 -150.87   63.45 -9999.0 -9999.0 -9999.0 -9999.0 -9999.0 -9999.00 U -9999.0 -9999.0 -9999.0 -9999.0 -9999.0 -9999.0 -99.000 -99.000 -99.000 -99.000 -99.000 -9999.0 -9999.0 -9999.0 -9999.0 -9999.0
96408 20160111 -9.000 -150.87   63.45 -9999.0 -9999.0 -9999.0 -9999.0 -9999.0 -9999.00 U -9999.0 -9999.0 -9999.0 -9999.0 -9999.0 -9999.0 -99.000 -99.000 -99.000 -99.000 -99.000 -9999.0 -9999.0 -9999.0 -9999.0 -9999.0
96408 20160112 -9.000 -150.87   63.45 -9999.0 -9999.0 -9999.0 -9999.0 -9999.0 -9999.00 U -9999.0 -9999.0 -9999.0 -9999.0 -9999.0 -9999.0 -99.000 -99.000 -99.000 -99.000 -99.000 -9999.0 -9999.0 -9999.0 -9999.0 -9999.0
96408 20160113 -9.000 -150.87   63.45 -9999.0 -9999.0 -9999.0 -9999.0 -9999.0 -9999.00 U -9999.0 -9999.0 -9999.0 -9999.0 -9999.0 -9999.0 -99.000 -99.000 -99.000 -99.000 -99.000 -9999.0 -9999.0 -9999.0 -9999.0 -9999.0
96408 20160114 -9.000 -150.87   63.45 -9999.0 -9999.0 -9999.0 -9999.0 -9999.0 -9999.00 U -9999.0 -9999.0 -9999.0 -9999.0 -9999.0 -9999.0 -99.000 -99.000 -99.000 -99.000 -99.000 -9999.0 -9999.0 -9999.0 -9999.0 -9999.0
96408 20160115  2.515 -150.87   63.45 -9999.0 -9999.0 -9999.0 -9999.0 -9999.0 -9999.00 U -9999.0 -9999.0 -9999.0 -9999.0 -9999.0 -9999.0 -99.000 -99.000 -99.000 -99.000 -99.000 -9999.0 -9999.0 -9999.0 -9999.0 -9999.0
96408 20160116  2.515 -150.87   63.45 -9999.0 -9999.0 -9999.0 -9999.0 -9999.0 -9999.00 U -9999.0 -9999.0 -9999.0 -9999.0 -9999.0 -9999.0 -99.000 -99.000 -99.000 -99.000 -99.000 -9999.0 -9999.0 -9999.0 -9999.0 -9999.0
96408 20160117  2.515 -150.87   63.45 -9999.0 -9999.0 -9999.0 -9999.0 -9999.0 -9999.00 U -9999.0 -9999.0 -9999.0 -9999.0 -9999.0 -9999.0 -99.000 -99.000 -99.000 -99.000 -99.000 -9999.0 -9999.0 -9999.0 -9999.0 -9999.0
96408 20160118  2.515 -150.87   63.45 -9999.0 -9999.0 -9999.0 -9999.0 -9999.0 -9999.00 U -9999.0 -9999.0 -9999.0 -9999.0 -9999.0 -9999.0 -99.000 -99.000 -99.000 -99.000 -99.000 -9999.0 -9999.0 -9999.0 -9999.0 -9999.0
96408 20160119  2.515 -150.87   63.45 -9999.0 -9999.0 -9999.0 -9999.0 -9999.0 -9999.00 U -9999.0 -9999.0 -9999.0 -9999.0 -9999.0 -9999.0 -99.000 -99.000 -99.000 -99.000 -99.000 -9999.0 -9999.0 -9999.0 -9999.0 -9999.0
96408 20160120  2.515 -150.87   63.45 -9999.0 -9999.0 -9999.0 -9999.0 -9999.0 -9999.00 U -9999.0 -9999.0 -9999.0 -9999.0 -9999.0 -9999.0 -99.000 -99.000 -99.000 -99.000 -99.000 -9999.0 -9999.0 -9999.0 -9999.0 -9999.0
96408 20160121  2.515 -150.87   63.45 -9999.0 -9999.0 -9999.0 -9999.0 -9999.0 -9999.00 U -9999.0 -9999.0 -9999.0 -9999.0 -9999.0 -9999.0 -99.000 -99.000 -99.000 -99.000 -99.000 -9999.0 -9999.0 -9999.0 -9999.0 -9999.0
96408 20160122  2.515 -150.87   63.45 -9999.0 -9999.0 -9999.0 -9999.0 -9999.0 -9999.00 U -9999.0 -9999.0 -9999.0 -9999.0 -9999.0 -9999.0 -99.000 -99.000 -99.000 -99.000 -99.000 -9999.0 -9999.0 -9999.0 -9999.0 -9999.0
96408 20160123  2.515 -150.87   63.45 -9999.0 -9999.0 -9999.0 -9999.0 -9999.0 -9999.00 U -9999.0 -9999.0 -9999.0 -9999.0 -9999.0 -9999.0 -99.000 -99.000 -99.000 -99.000 -99.000 -9999.0 -9999.0 -9999.0 -9999.0 -9999.0
96408 20160124  2.515 -150.87   63.45 -9999.0 -9999.0 -9999.0 -9999.0 -9999.0 -9999.00 U -9999.0 -9999.0 -9999.0 -9999.0 -9999.0 -9999.0 -99.000 -99.000 -99.000 -99.000 -99.000 -9999.0 -9999.0 -9999.0 -9999.0 -9999.0
96408 20160125  2.515 -150.87   63.45 -9999.0 -9999.0 -9999.0 -9999.0 -9999.0 -9999.00 U -9999.0 -9999.0 -9999.0 -9999.0 -9999.0 -9999.0 -99.000 -99.000 -99.000 -99.000 -99.000 -9999.0 -9999.0 -9999.0 -9999.0 -9999.0
96408 20160126  2.515 -150.87   63.45 -9999.0 -9999.0 -9999.0 -9999.0 -9999.0 -9999.00 U -9999.0 -9999.0 -9999.0 -9999.0 -9999.0 -9999.0 -99.000 -99.000 -99.000 -99.000 -99.000 -9999.0 -9999.0 -9999.0 -9999.0 -9999.0
96408 20160127  2.515 -150.87   63.45 -9999.0 -9999.0 -9999.0 -9999.0 -9999.0 -9999.00 U -9999.0 -9999.0 -9999.0 -9999.0 -9999.0 -9999.0 -99.000 -99.000 -99.000 -99.000 -99.000 -9999.0 -9999.0 -9999.0 -9999.0 -9999.0
96408 20160128  2.515 -150.87   63.45 -9999.0 -9999.0 -9999.0 -9999.0 -9999.0 -9999.00 U -9999.0 -9999.0 -9999.0 -9999.0 -9999.0 -9999.0 -99.000 -99.000 -99.000 -99.000 -99.000 -9999.0 -9999.0 -9999.0 -9999.0 -9999.0
96408 20160129  2.515 -150.87   63.45 -9999.0 -9999.0 -9999.0 -9999.0 -9999.0 -9999.00 U -9999.0 -9999.0 -9999.0 -9999.0 -9999.0 -9999.0 -99.000 -99.000 -99.000 -99.000 -99.000 -9999.0 -9999.0 -9999.0 -9999.0 -9999.0
96408 20160130  2.515 -150.87   63.45 -9999.0 -9999.0 -9999.0 -9999.0 -9999.0 -9999.00 U -9999.0 -9999.0 -9999.0 -9999.0 -9999.0 -9999.0 -99.000 -99.000 -99.000 -99.000 -99.000 -9999.0 -9999.0 -9999.0 -9999.0 -9999.0
96408 20160131  2.515 -150.87   63.45    -1.7    -7.0    -4.4    -3.9     0.0     2.43 C    -9.8   -19.5   -13.0    48.2    29.9    39.2 -99.000 -99.000 -99.000 -99.000 -99.000 -9999.0 -9999.0 -9999.0 -9999.0 -9999.0
96408 20160201  2.515 -150.87   63.45    -2.0    -7.8    -4.9    -5.1     0.0     2.54 C    -9.7   -21.0   -15.1    47.5    33.0    40.3 -99.000 -99.000 -99.000 -99.000 -99.000 -9999.0 -9999.0 -9999.0 -9999.0 -9999.0
96408 20160202  2.515 -150.87   63.45    -4.1   -10.9    -7.5    -7.1     0.0     2.64 C   -10.0   -21.0   -15.7    62.8    42.9    52.2 -99.000 -99.000 -99.000 -99.000 -99.000 -9999.0 -9999.0 -9999.0 -9999.0 -9999.0
96408 20160203  2.515 -150.87   63.45    -4.8   -23.7   -14.3   -18.6     0.0     2.06 C   -11.6   -27.0   -21.9    91.6    44.2    78.1 -99.000 -99.000 -99.000 -99.000 -99.000 -9999.0 -9999.0 -9999.0 -9999.0 -9999.0
96408 20160204  2.515 -150.87   63.45    -2.9   -18.3   -10.6   -14.4     0.0     2.54 C   -11.2   -23.1   -17.7    89.2    48.0    78.1 -99.000 -99.000 -99.000 -99.000 -99.000 -9999.0 -9999.0 -9999.0 -9999.0 -9999.0
96408 20160205  2.515 -150.87   63.45    -1.3   -19.1   -10.2   -11.9     0.0     2.74 C    -7.6   -23.9   -17.1    90.1    44.1    73.6 -99.000 -99.000 -99.000 -99.000 -99.000 -9999.0 -9999.0 -9999.0 -9999.0 -9999.0
96408 20160206  2.515 -150.87   63.45    -2.1    -8.5    -5.3    -5.3     0.0     2.34 C    -8.7   -18.9   -13.2    69.6    40.7    57.3 -99.000 -99.000 -99.000 -99.000 -99.000 -9999.0 -9999.0 -9999.0 -9999.0 -9999.0
96408 20160207  2.515 -150.87   63.45    -3.5   -19.7   -11.6    -8.0     0.0     3.38 C    -9.5   -25.2   -16.5    85.2    39.7    58.6 -99.000 -99.000 -99.000 -99.000 -99.000 -9999.0 -9999.0 -9999.0 -9999.0 -9999.0
96408 20160208  2.515 -150.87   63.45     0.9   -12.5    -5.8    -5.0     0.0     2.96 C    -9.7   -20.0   -14.7    61.6    33.1    45.3 -99.000 -99.000 -99.000 -99.000 -99.000 -9999.0 -9999.0 -9999.0 -9999.0 -9999.0
96408 20160209  2.515 -150.87   63.45    -1.7    -8.6    -5.1    -4.5     0.0     3.07 C    -9.7   -19.4   -13.3    61.5    34.6    47.2 -99.000 -99.000 -99.000 -99.000 -99.000 -9999.0 -9999.0 -9999.0 -9999.0 -9999.0
96408 20160210  2.515 -150.87   63.45    -4.4   -22.1   -13.2   -14.1     0.0     3.25 C    -9.7   -25.0   -17.2    92.0    56.5    73.1 -99.000 -99.000 -99.000 -99.000 -99.000 -9999.0 -9999.0 -9999.0 -9999.0 -9999.0
96408 20160211  2.515 -150.87   63.45    -2.0   -20.3   -11.1   -10.9     0.0     2.29 C    -7.0   -23.2   -15.1    85.9    54.8    71.7 -99.000 -99.000 -99.000 -99.000 -99.000 -9999.0 -9999.0 -9999.0 -9999.0 -9999.0
96408 20160212  2.515 -150.87   63.45    -1.2    -8.2    -4.7    -3.8     0.0     3.67 C    -8.4   -18.7   -12.2    70.8    45.4    57.4 -99.000 -99.000 -99.000 -99.000 -99.000 -9999.0 -9999.0 -9999.0 -9999.0 -9999.0
96408 20160213  2.515 -150.87   63.45     0.4    -7.5    -3.6    -2.4     0.0     2.51 C    -4.0   -14.9    -9.8    63.1    46.8    53.1 -99.000 -99.000 -99.000 -99.000 -99.000 -9999.0 -9999.0 -9999.0 -9999.0 -9999.0
96408 20160214  2.515 -150.87   63.45    -1.0   -10.2    -5.6    -3.6     0.0     2.17 C    -7.0   -15.2   -11.0    67.9    43.6    52.3 -99.000 -99.000 -99.000 -99.000 -99.000 -9999.0 -9999.0 -9999.0 -9999.0 -9999.0
96408 20160215  2.515 -150.87   63.45    -0.8    -6.6    -3.7    -3.8     2.2     2.38 C    -3.9   -12.1    -7.4    95.8    42.0    68.9 -99.000 -99.000 -99.000 -99.000 -99.000 -9999.0 -9999.0 -9999.0 -9999.0 -9999.0
96408 20160216  2.515 -150.87   63.45    -3.2    -7.5    -5.3    -5.2     0.0     1.22 C    -4.9   -17.9    -9.1    94.5    62.5    84.3 -99.000 -99.000 -99.000 -99.000 -99.000 -9999.0 -9999.0 -9999.0 -9999.0 -9999.0
96408 20160217  2.515 -150.87   63.45    -3.9   -17.7   -10.8    -9.3     0.0     4.58 C   -10.6   -26.9   -16.7    75.7    43.1    56.4 -99.000 -99.000 -99.000 -99.000 -99.000 -9999.0 -9999.0 -9999.0 -9999.0 -9999.0
96408 20160218  2.515 -150.87   63.45   -10.5   -23.1   -16.8   -16.0     0.0     4.56 C   -14.1   -29.7   -22.2    86.5    45.4    65.5 -99.000 -99.000 -99.000 -99.000 -99.000 -9999.0 -9999.0 -9999.0 -9999.0 -9999.0
96408 20160219  2.515 -150.87   63.45    -7.4   -24.2   -15.8   -14.3     0.0     4.95 C   -14.0   -30.5   -21.2    86.7    41.9    62.5 -99.000 -99.000 -99.000 -99.000 -99.000 -9999.0 -9999.0 -9999.0 -9999.0 -9999.0
96408 20160220  2.515 -150.87   63.45     0.3   -15.0    -7.4    -5.7     0.0     5.02 C    -4.5   -20.2   -13.3    59.7    30.7    44.2 -99.000 -99.000 -99.000 -99.000 -99.000 -9999.0 -9999.0 -9999.0 -9999.0 -9999.0
96408 20160221  2.515 -150.87   63.45     5.3    -3.7     0.8     1.6     0.0     2.05 C    -0.8    -7.2    -4.0    74.8    31.1    56.3 -99.000 -99.000 -99.000 -99.000 -99.000 -9999.0 -9999.0 -9999.0 -9999.0 -9999.0
96408 20160222  2.515 -150.87   63.45     1.2    -9.2    -4.0    -2.9     0.0     4.12 C    -5.4   -18.2   -10.2    71.1    36.6    53.2 -99.000 -99.000 -99.000 -99.000 -99.000 -9999.0 -9999.0 -9999.0 -9999.0 -9999.0
96408 20160223  2.515 -150.87   63.45     0.4    -9.8    -4.7    -4.7     0.0     3.86 C    -6.3   -19.1   -11.9    90.6    42.8    63.8 -99.000 -99.000 -99.000 -99.000 -99.000 -9999.0 -9999.0 -9999.0 -9999.0 -9999.0
96408 20160224  2.515 -150.87   63.45     4.0    -7.5    -1.8    -0.1     0.0     4.32 C    -2.0   -11.7    -7.2    70.7    40.0    49.9 -99.000 -99.000 -99.000 -99.000 -99.000 -9999.0 -9999.0 -9999.0 -9999.0 -9999.0
96408 20160225  2.515 -150.87   63.45     4.5    -4.6     0.0     1.3     0.0     3.08 C    -1.1   -13.4    -5.1    68.1    37.6    53.9 -99.000 -99.000 -99.000 -99.000 -99.000 -9999.0 -9999.0 -9999.0 -9999.0 -9999.0
96408 20160226  2.515 -150.87   63.45     2.8    -6.5    -1.9    -1.4     0.0     3.81 C    -5.1   -13.5    -9.9    64.1    33.9    46.0 -99.000 -99.000 -99.000 -99.000 -99.000 -9999.0 -9999.0 -9999.0 -9999.0 -9999.0
96408 20160227  2.515 -150.87   63.45     3.3   -10.3    -3.5    -1.9     0.0     7.13 C    -3.6   -14.8    -8.4    94.1    34.0    55.1 -99.000 -99.000 -99.000 -99.000 -99.000 -9999.0 -9999.0 -9999.0 -9999.0 -9999.0
96408 20160228  2.515 -150.87   63.45     6.0   -11.2    -2.6    -1.2     0.0     6.56 C    -0.4   -11.8    -7.0    92.6    35.4    54.8 -99.000 -99.000 -99.000 -99.000 -99.000 -9999.0 -9999.0 -9999.0 -9999.0 -9999.0
96408 20160229  2.515 -150.87   63.45     0.3    -7.6    -3.7    -3.0     0.0     7.54 C    -3.7   -14.8    -9.9    80.2    43.2    59.5 -99.000 -99.000 -99.000 -99.000 -99.000 -9999.0 -9999.0 -9999.0 -9999.0 -9999.0
96408 20160301  2.515 -150.87   63.45     0.2    -9.4    -4.6    -3.9     0.0     5.28 C    -5.3   -17.3   -12.3    55.4    29.4    42.6 -99.000 -99.000 -99.000 -99.000 -99.000 -9999.0 -9999.0 -9999.0 -9999.0 -9999.0
96408 20160302  2.515 -150.87   63.45    -0.5   -10.2    -5.4    -5.0     0.0     5.76 C    -2.4   -19.2   -11.3    75.0    41.2    52.1 -99.000 -99.000 -99.000 -99.000 -99.000 -9999.0 -9999.0 -9999.0 -9999.0 -9999.0
96408 20160303  2.515 -150.87   63.45    -5.8   -14.7   -10.3   -10.3     0.0     7.98 C    -9.3   -18.6   -14.0    93.5    49.2    68.3 -99.000 -99.000 -99.000 -99.000 -99.000 -9999.0 -9999.0 -9999.0 -9999.0 -9999.0
96408 20160304  2.515 -150.87   63.45   -10.3   -15.1   -12.7   -12.8     2.1     3.83 C   -10.0   -18.7   -13.2    87.0    82.6    85.2 -99.000 -99.000 -99.000 -99.000 -99.000 -9999.0 -9999.0 -9999.0 -9999.0 -9999.0
96408 20160305  2.515 -150.87   63.45   -11.3   -19.9   -15.6   -15.4     0.0     7.69 C   -12.7   -25.8   -19.4    87.9    63.4    79.8 -99.000 -99.000 -99.000 -99.000 -99.000 -9999.0 -9999.0 -9999.0 -9999.0 -9999.0
96408 20160306  2.515 -150.87   63.45   -11.3   -19.9   -15.6   -15.1     0.0     9.02 C   -12.1   -24.8   -19.3    88.1    62.3    77.2 -99.000 -99.000 -99.000 -99.000 -99.000 -9999.0 -9999.0 -9999.0 -9999.0 -9999.0
96408 20160307  2.515 -150.87   63.45   -10.6   -19.3   -15.0   -14.6     0.0     7.72 C   -10.6   -25.4   -18.4    89.1    61.3    75.9 -99.000 -99.000 -99.000 -99.000 -99.000 -9999.0 -9999.0 -9999.0 -9999.0 -9999.0
96408 20160308  2.515 -150.87   63.45    -0.2   -15.6    -7.9    -6.8     0.0     9.39 C    -3.6   -22.1   -13.3    82.0    37.1    58.6 -99.000 -99.000 -99.000 -99.000 -99.000 -9999.0 -9999.0 -9999.0 -9999.0 -9999.0
96408 20160309  2.515 -150.87   63.45    -2.1    -7.8    -5.0    -5.6     0.0     6.85 C    -4.8   -16.2   -11.6    72.1    51.8    60.8 -99.000 -99.000 -99.000 -99.000 -99.000 -9999.0 -9999.0 -9999.0 -9999.0 -9999.0
96408 20160310  2.515 -150.87   63.45     1.4   -10.9    -4.7    -4.7     0.0     8.93 C    -2.4   -15.9    -9.3    73.2    39.4    57.1 -99.000 -99.000 -99.000 -99.000 -99.000 -9999.0 -9999.0 -9999.0 -9999.0 -9999.0
96408 20160311  2.515 -150.87   63.45     0.4   -11.3    -5.4    -4.1     0.0     9.55 C    -3.5   -17.8   -10.1    76.4    33.6    52.0 -99.000 -99.000 -99.000 -99.000 -99.000 -9999.0 -9999.0 -9999.0 -9999.0 -9999.0
96408 20160312  2.515 -150.87   63.45     0.0   -10.6    -5.3    -4.7     0.0    10.20 C    -1.3   -19.1   -10.6    80.3    44.5    58.7 -99.000 -99.000 -99.000 -99.000 -99.000 -9999.0 -9999.0 -9999.0 -9999.0 -9999.0
96408 20160313  2.515 -150.87   63.45    -6.4   -13.5   -10.0   -10.4     0.0    10.69 C    -7.1   -20.3   -13.7    88.2    63.8    76.8 -99.000 -99.000 -99.000 -99.000 -99.000 -9999.0 -9999.0 -9999.0 -9999.0 -9999.0
96408 20160314  2.515 -150.87   63.45   -10.3   -15.6   -13.0   -13.1     1.6     7.24 C    -8.4   -18.3   -12.4    90.4    72.5    84.1 -99.000 -99.000 -99.000 -99.000 -99.000 -9999.0 -9999.0 -9999.0 -9999.0 -9999.0
96408 20160315  2.515 -150.87   63.45   -10.9   -16.9   -13.9   -14.2     0.8     9.03 C   -10.8   -22.3   -14.6    88.1    64.0    80.8 -99.000 -99.000 -99.000 -99.000 -99.000 -9999.0 -9999.0 -9999.0 -9999.0 -9999.0
96408 20160316  2.515 -150.87   63.45   -12.3   -18.5   -15.4   -15.5     2.3     6.15 C   -12.3   -29.0   -19.6    88.5    59.9    79.5 -99.000 -99.000 -99.000 -99.000 -99.000 -9999.0 -9999.0 -9999.0 -9999.0 -9999.0
96408 20160317  2.515 -150.87   63.45   -11.8   -20.4   -16.1   -16.3     0.0    11.85 C   -13.2   -29.8   -21.8    85.7    50.2    68.5 -99.000 -99.000 -99.000 -99.000 -99.000 -9999.0 -9999.0 -9999.0 -9999.0 -9999.0
96408 20160318  2.515 -150.87   63.45   -12.8   -19.5   -16.2   -16.1     0.0    11.80 C   -11.8   -29.6   -20.5    77.7    57.8    68.1 -99.000 -99.000 -99.000 -99.000 -99.000 -9999.0 -9999.0 -9999.0 -9999.0 -9999.0
96408 20160319  2.515 -150.87   63.45   -18.1   -22.6   -20.3   -19.9     1.6    11.90 C   -16.3   -27.0   -20.9    82.9    55.5    70.8 -99.000 -99.000 -99.000 -99.000 -99.000 -9999.0 -9999.0 -9999.0 -9999.0 -9999.0
96408 20160320  2.515 -150.87   63.45    -1.1   -20.8   -10.9   -12.4     1.3    10.28 C    -6.1   -23.0   -15.0    86.4    55.7    72.4 -99.000 -99.000 -99.000 -99.000 -99.000 -9999.0 -9999.0 -9999.0 -9999.0 -9999.0
96408 20160321  2.515 -150.87   63.45    -2.4   -12.3    -7.4    -7.2     0.0    12.44 C    -4.3   -16.3   -10.5    85.3    56.0    69.5 -99.000 -99.000 -99.000 -99.000 -99.000 -9999.0 -9999.0 -9999.0 -9999.0 -9999.0
96408 20160322  2.515 -150.87   63.45     3.4   -12.5    -4.6    -2.8     0.0    11.03 C    -1.0   -16.7    -8.3    87.9    43.4    61.4 -99.000 -99.000 -99.000 -99.000 -99.000 -9999.0 -9999.0 -9999.0 -9999.0 -9999.0
96408 20160323  2.515 -150.87   63.45     3.1    -5.4    -1.2    -0.8     0.0    13.17 C    -1.5   -14.0    -8.0    73.9    45.1    58.0 -99.000 -99.000 -99.000 -99.000 -99.000 -9999.0 -9999.0 -9999.0 -9999.0 -9999.0
96408 20160324  2.515 -150.87   63.45     7.0    -2.4     2.3     1.6     0.0    13.27 C    -0.2   -12.1    -6.1    67.4    34.3    51.1 -99.000 -99.000 -99.000 -99.000 -99.000 -9999.0 -9999.0 -9999.0 -9999.0 -9999.0
96408 20160325  2.515 -150.87   63.45     5.1    -3.2     0.9     1.2     0.0    11.50 C     0.1    -7.9    -2.6    91.9    43.6    60.2 -99.000 -99.000 -99.000 -99.000 -99.000 -9999.0 -9999.0 -9999.0 -9999.0 -9999.0
96408 20160326  2.515 -150.87   63.45    -0.3    -3.6    -2.0    -1.5     7.7     5.54 C    -0.5    -9.7    -2.2    97.0    75.9    89.4 -99.000 -99.000 -99.000 -99.000 -99.000 -9999.0 -9999.0 -9999.0 -9999.0 -9999.0
96408 20160327  2.515 -150.87   63.45    -0.6    -7.7    -4.2    -3.6     0.0    11.11 C    -0.7   -13.0    -6.4    93.9    63.4    79.6 -99.000 -99.000 -99.000 -99.000 -99.000 -9999.0 -9999.0 -9999.0 -9999.0 -9999.0
96408 20160328  2.515 -150.87   63.45     2.4    -4.7    -1.2    -1.8     0.2     8.96 C    -1.2    -7.4    -4.1    93.0    48.8    75.6 -99.000 -99.000 -99.000 -99.000 -99.000 -9999.0 -9999.0 -9999.0 -9999.0 -9999.0
96408 20160329  2.515 -150.87   63.45     1.7    -3.7    -1.0    -1.1     5.6     6.95 C    -0.1   -11.3    -3.3    95.8    63.2    82.8 -99.000 -99.000 -99.000 -99.000 -99.000 -9999.0 -9999.0 -9999.0 -9999.0 -9999.0
96408 20160330  2.515 -150.87   63.45     2.7    -5.1    -1.2    -1.0     0.3     5.64 C    -0.1   -11.1    -2.9    90.7    67.6    79.8 -99.000 -99.000 -99.000 -99.000 -99.000 -9999.0 -9999.0 -9999.0 -9999.0 -9999.0
96408 20160331  2.515 -150.87   63.45     8.0    -4.0     2.0     1.1     0.0     7.85 C     0.1    -7.9    -2.7    97.6    45.1    77.3 -99.000 -99.000 -99.000 -99.000 -99.000 -9999.0 -9999.0 -9999.0 -9999.0 -9999.0
96408 20160401  2.515 -150.87   63.45    -0.3    -8.7    -4.5    -5.0     0.0    13.19 C    -0.1    -8.6    -5.1    96.2    67.4    83.3 -99.000 -99.000 -99.000 -99.000 -99.000 -9999.0 -9999.0 -9999.0 -9999.0 -9999.0
96408 20160402  2.515 -150.87   63.45     5.2    -6.1    -0.5     0.0     0.4    12.05 C     0.1    -7.9    -2.7    87.2    43.4    70.4 -99.000 -99.000 -99.000 -99.000 -99.000 -9999.0 -9999.0 -9999.0 -9999.0 -9999.0
96408 20160403  2.515 -150.87   63.45     5.1    -4.3     0.4     0.6     0.0    16.44 C    -0.5   -10.5    -3.9    89.0    36.9    59.9 -99.000 -99.000 -99.000 -99.000 -99.000 -9999.0 -9999.0 -9999.0 -9999.0 -9999.0
96408 20160404  2.515 -150.87   63.45     4.6    -5.2    -0.3    -0.2     0.0    13.90 C    -0.3   -12.2    -5.4    75.4    28.5    51.0 -99.000 -99.000 -99.000 -99.000 -99.000 -9999.0 -9999.0 -9999.0 -9999.0 -9999.0
96408 20160405  2.515 -150.87   63.45     3.9    -4.3    -0.2    -0.1     0.0    16.66 C    -0.4   -11.4    -5.1    74.2    39.1    52.1 -99.000 -99.000 -99.000 -99.000 -99.000 -9999.0 -9999.0 -9999.0 -9999.0 -9999.0
96408 20160406  2.515 -150.87   63.45     7.5    -1.9     2.8     2.8     0.0    16.53 C    -0.1    -7.6    -3.6    71.1    30.9    48.1 -99.000 -99.000 -99.000 -99.000 -99.000 -9999.0 -9999.0 -9999.0 -9999.0 -9999.0
96408 20160407  2.515 -150.87   63.45     5.2    -2.9     1.1     0.9     0.5    16.85 C     0.0   -10.3    -3.5    94.3    39.7    60.5 -99.000 -99.000 -99.000 -99.000 -99.000 -9999.0 -9999.0 -9999.0 -9999.0 -9999.0
96408 20160408  2.515 -150.87   63.45     3.9    -4.5    -0.3    -0.8     1.3    14.78 C    -0.9    -4.9    -2.9    94.8    46.9    74.8 -99.000 -99.000 -99.000 -99.000 -99.000 -9999.0 -9999.0 -9999.0 -9999.0 -9999.0
96408 20160409  2.515 -150.87   63.45     8.3    -4.0     2.2     1.9     0.0    17.49 C     0.1   -10.8    -3.9    78.4    26.1    56.1 -99.000 -99.000 -99.000 -99.000 -99.000 -9999.0 -9999.0 -9999.0 -9999.0 -9999.0
96408 20160410  2.515 -150.87   63.45     8.5    -1.9     3.3     2.5     0.0    15.31 C     0.2    -7.5    -2.7    82.6    40.9    60.0 -99.000 -99.000 -99.000 -99.000 -99.000 -9999.0 -9999.0 -9999.0 -9999.0 -9999.0
96408 20160411  2.515 -150.87   63.45     5.7    -3.4     1.1     1.3     0.0    18.84 C     0.1    -9.0    -3.7    86.7    35.9    63.7 -99.000 -99.000 -99.000 -99.000 -99.000 -9999.0 -9999.0 -9999.0 -9999.0 -9999.0
96408 20160412  2.515 -150.87   63.45     2.4    -3.5    -0.6    -0.8     0.0    18.72 C     0.3    -7.4    -3.5    81.0    51.4    65.9 -99.000 -99.000 -99.000 -99.000 -99.000 -9999.0 -9999.0 -9999.0 -9999.0 -9999.0
96408 20160413  2.515 -150.87   63.45     3.0    -6.3    -1.7    -1.7     0.0    17.38 C     1.4    -8.6    -3.6    88.9    53.0    69.7 -99.000 -99.000 -99.000 -99.000 -99.000 -9999.0 -9999.0 -9999.0 -9999.0 -9999.0
96408 20160414  2.515 -150.87   63.45     4.9    -4.3     0.3    -0.3     0.0    18.29 C     4.7    -6.6    -1.7    73.8    48.2    62.2 -99.000 -99.000 -99.000 -99.000 -99.000 -9999.0 -9999.0 -9999.0 -9999.0 -9999.0
96408 20160415  2.515 -150.87   63.45     4.3    -9.3    -2.5    -1.6     0.0    19.82 C     7.2   -11.5    -2.5    88.1    45.5    62.3 -99.000 -99.000 -99.000 -99.000 -99.000 -9999.0 -9999.0 -9999.0 -9999.0 -9999.0
96408 20160416  2.515 -150.87   63.45     7.1    -3.1     2.0     2.6     0.0    18.30 C    10.8    -7.9     0.6    74.9    37.7    53.8 -99.000 -99.000 -99.000 -99.000 -99.000 -9999.0 -9999.0 -9999.0 -9999.0 -9999.0
96408 20160417  2.515 -150.87   63.45     5.1    -3.0     1.0     1.7     0.6    15.35 C    13.8    -7.6     1.1    82.8    47.7    62.9 -99.000 -99.000 -99.000 -99.000 -99.000 -9999.0 -9999.0 -9999.0 -9999.0 -9999.0
96408 20160418  2.515 -150.87   63.45     7.2    -4.4     1.4     2.1     0.0    21.05 C    15.2    -8.3     1.8    82.7    29.8    58.7 -99.000 -99.000 -99.000 -99.000 -99.000 -9999.0 -9999.0 -9999.0 -9999.0 -9999.0
96408 20160419  2.515 -150.87   63.45     8.4    -1.5     3.4     3.3     0.0    18.66 C    17.2    -7.1     2.8    77.2    24.5    42.7 -99.000 -99.000 -99.000 -99.000 -99.000 -9999.0 -9999.0 -9999.0 -9999.0 -9999.0
96408 20160420  2.515 -150.87   63.45     8.5    -1.4     3.5     3.7     0.0    20.87 C    20.5    -8.3     4.0    59.3    29.1    44.6 -99.000 -99.000 -99.000 -99.000 -99.000 -9999.0 -9999.0 -9999.0 -9999.0 -9999.0
96408 20160421  2.515 -150.87   63.45     8.3    -1.2     3.6     3.5     0.0    20.17 C    22.3    -7.4     4.9    77.1    36.3    54.0 -99.000 -99.000 -99.000 -99.000 -99.000 -9999.0 -9999.0 -9999.0 -9999.0 -9999.0
96408 20160422  2.515 -150.87   63.45    11.1    -1.1     5.0     5.1     0.0    19.93 C    23.7    -6.5     6.1    74.7    26.8    51.3 -99.000 -99.000 -99.000 -99.000 -99.000 -9999.0 -9999.0 -9999.0 -9999.0 -9999.0
96408 20160423  2.515 -150.87   63.45    11.2    -1.1     5.0     5.6     0.0    17.59 C    22.2    -7.2     5.3    75.7    36.9    55.5 -99.000 -99.000 -99.000 -99.000 -99.000 -9999.0 -9999.0 -9999.0 -9999.0 -9999.0
96408 20160424  2.515 -150.87   63.45    13.9     3.0     8.4     8.4     0.0    20.20 C    28.0    -3.7     9.2    70.2    36.1    52.1 -99.000 -99.000 -99.000 -99.000 -99.000 -9999.0 -9999.0 -9999.0 -9999.0 -9999.0
96408 20160425  2.515 -150.87   63.45    10.2     1.6     5.9     6.1     0.0    14.70 C    26.7    -5.5     5.7    75.3    35.5    56.6 -99.000 -99.000 -99.000 -99.000 -99.000 -9999.0 -9999.0 -9999.0 -9999.0 -9999.0
96408 20160426  2.515 -150.87   63.45    13.3     0.0     6.6     7.3     0.0    18.81 C    27.5    -6.8     7.9    68.2    25.0    40.6 -99.000 -99.000 -99.000 -99.000 -99.000 -9999.0 -9999.0 -9999.0 -9999.0 -9999.0
96408 20160427  2.515 -150.87   63.45     6.9     1.6     4.3     4.6     0.0     9.40 C    15.9    -4.2     4.9    84.2    39.8    59.3 -99.000 -99.000 -99.000 -99.000 -99.000 -9999.0 -9999.0 -9999.0 -9999.0 -9999.0
96408 20160428  2.515 -150.87   63.45    11.1    -1.1     5.0     5.1     0.0    20.44 C    27.3    -7.9     6.7    90.2    20.3    53.1 -99.000 -99.000 -99.000 -99.000 -99.000 -9999.0 -9999.0 -9999.0 -9999.0 -9999.0
96408 20160429  2.515 -150.87   63.45    10.2    -0.9     4.7     4.7     0.0    15.43 C    28.7    -8.1     4.7    85.7    32.6    52.5 -99.000 -99.000 -99.000 -99.000 -99.000 -9999.0 -9999.0 -9999.0 -9999.0 -9999.0
96408 20160430  2.515 -150.87   63.45    10.3    -1.8     4.3     4.5     0.0    19.68 C    22.6    -8.4     4.8    86.2    19.0    40.0 -99.000 -99.000 -99.000 -99.000 -99.000 -9999.0 -9999.0 -9999.0 -9999.0 -9999.0
96408 20160501  2.515 -150.87   63.45    11.4    -1.3     5.1     5.8     0.0    15.27 C    29.3    -7.6     5.2    63.5    29.3    42.8 -99.000 -99.000 -99.000 -99.000 -99.000 -9999.0 -9999.0 -9999.0 -9999.0 -9999.0
96408 20160502  2.515 -150.87   63.45     9.3     0.2     4.8     5.3     2.7    15.19 C    22.2    -6.1     7.5    94.1    40.3    54.2 -99.000 -99.000 -99.000 -99.000 -99.000 -9999.0 -9999.0 -9999.0 -9999.0 -9999.0
96408 20160503  2.515 -150.87   63.45     8.6     0.6     4.6     4.6     0.3    15.02 C    22.0    -4.4     5.7    95.3    37.8    66.2 -99.000 -99.000 -99.000 -99.000 -99.000 -9999.0 -9999.0 -9999.0 -9999.0 -9999.0
96408 20160504  2.515 -150.87   63.45     9.8    -1.3     4.2     4.6     0.4    17.07 C    30.2    -6.6     5.5    71.1    33.3    50.5 -99.000 -99.000 -99.000 -99.000 -99.000 -9999.0 -9999.0 -9999.0 -9999.0 -9999.0
96408 20160505  2.515 -150.87   63.45    10.7    -2.0     4.3     5.3     0.0    20.68 C    26.6    -9.3     6.3    80.3    23.7    41.7 -99.000 -99.000 -99.000 -99.000 -99.000 -9999.0 -9999.0 -9999.0 -9999.0 -9999.0
96408 20160506  2.515 -150.87   63.45    10.0     1.1     5.6     6.0     0.0    14.73 C    23.2    -6.8     6.6    67.9    31.2    44.4 -99.000 -99.000 -99.000 -99.000 -99.000 -9999.0 -9999.0 -9999.0 -9999.0 -9999.0
96408 20160507  2.515 -150.87   63.45    10.9     1.2     6.1     5.3     0.0    14.49 C    23.0    -6.3     5.8    87.9    50.5    70.6 -99.000 -99.000 -99.000 -99.000 -99.000 -9999.0 -9999.0 -9999.0 -9999.0 -9999.0
96408 20160508  2.515 -150.87   63.45    12.9     1.1     7.0     7.1     0.0    15.24 C    31.5    -5.3     7.9    88.1    34.7    58.7 -99.000 -99.000 -99.000 -99.000 -99.000 -9999.0 -9999.0 -9999.0 -9999.0 -9999.0
96408 20160509  2.515 -150.87   63.45     9.8     0.0     4.9     4.4     8.1    13.39 C    22.4    -3.6     4.6    97.7    47.6    74.4 -99.000 -99.000 -99.000 -99.000 -99.000 -9999.0 -9999.0 -9999.0 -9999.0 -9999.0
96408 20160510  2.515 -150.87   63.45    14.8     1.9     8.4     8.5     0.0    22.31 C    30.4    -2.9    10.1    76.5    27.1    45.6 -99.000 -99.000 -99.000 -99.000 -99.000 -9999.0 -9999.0 -9999.0 -9999.0 -9999.0
96408 20160511  2.515 -150.87   63.45    19.3     3.1    11.2    11.7     0.0    23.75 C    37.0    -3.3    14.0    63.0    26.9    43.1 -99.000 -99.000 -99.000 -99.000 -99.000 -9999.0 -9999.0 -9999.0 -9999.0 -9999.0
96408 20160512  2.515 -150.87   63.45    19.5     3.7    11.6    12.3     0.0    25.70 C    39.7    -4.6    15.3    74.6    30.4    49.3 -99.000 -99.000 -99.000 -99.000 -99.000 -9999.0 -9999.0 -9999.0 -9999.0 -9999.0
96408 20160513  2.515 -150.87   63.45    20.6     4.6    12.6    13.5     0.0    24.98 C    38.3    -4.9    15.5    84.4    36.4    54.8 -99.000 -99.000 -99.000 -99.000 -99.000 -9999.0 -9999.0 -9999.0 -9999.0 -9999.0
96408 20160514  2.515 -150.87   63.45    21.5     7.0    14.2    14.5     0.0    21.98 C    41.1    -2.5    15.9    75.0    34.1    53.6 -99.000 -99.000 -99.000 -99.000 -99.000 -9999.0 -9999.0 -9999.0 -9999.0 -9999.0
96408 20160515  2.515 -150.87   63.45    14.5     8.1    11.3    10.9    10.9     7.05 C    21.5     1.8    10.6    96.2    59.3    78.3 -99.000 -99.000 -99.000 -99.000 -99.000 -9999.0 -9999.0 -9999.0 -9999.0 -9999.0
96408 20160516  2.515 -150.87   63.45    13.6     4.2     8.9     8.9     0.0    14.39 C    23.8     2.6    10.8    96.3    63.0    80.1 -99.000 -99.000 -99.000 -99.000 -99.000 -9999.0 -9999.0 -9999.0 -9999.0 -9999.0
96408 20160517  2.515 -150.87   63.45     4.8    -0.9     1.9     1.5     1.7    11.15 C    20.1    -2.3     3.9    91.2    60.1    78.9 -99.000 -99.000 -99.000 -99.000 -99.000 -9999.0 -9999.0 -9999.0 -9999.0 -9999.0
96408 20160518  2.515 -150.87   63.45    13.6    -2.9     5.4     6.4     0.0    23.22 C    31.7    -7.8     9.4    96.0    39.3    62.3 -99.000 -99.000 -99.000 -99.000 -99.000 -9999.0 -9999.0 -9999.0 -9999.0 -9999.0
96408 20160519  2.515 -150.87   63.45    14.3     1.0     7.6     8.4     0.0    14.25 C    34.4    -4.8    10.3    93.5    42.6    69.4 -99.000 -99.000 -99.000 -99.000 -99.000 -9999.0 -9999.0 -9999.0 -9999.0 -9999.0
96408 20160520  2.515 -150.87   63.45    12.7     3.4     8.1     8.5     0.0    12.04 C    27.4    -1.4    10.4    89.8    47.5    67.1 -99.000 -99.000 -99.000 -99.000 -99.000 -9999.0 -9999.0 -9999.0 -9999.0 -9999.0
96408 20160521  2.515 -150.87   63.45     7.6     3.4     5.5     5.7    17.5     5.19 C    12.2    -0.2     6.1    94.9    77.6    89.6 -99.000 -99.000 -99.000 -99.000 -99.000 -9999.0 -9999.0 -9999.0 -9999.0 -9999.0
96408 20160522  2.515 -150.87   63.45    11.1     0.0     5.5     5.3     4.9    13.99 C    22.4    -0.2     8.3    97.5    48.1    77.4 -99.000 -99.000 -99.000 -99.000 -99.000 -9999.0 -9999.0 -9999.0 -9999.0 -9999.0
96408 20160523  2.515 -150.87   63.45     6.9    -0.2     3.4     2.8     5.4    11.71 C    14.4    -0.3     3.9    97.5    55.7    83.6 -99.000 -99.000 -99.000 -99.000 -99.000 -9999.0 -9999.0 -9999.0 -9999.0 -9999.0
96408 20160524  2.515 -150.87   63.45    10.7     0.8     5.8     5.5     2.1    21.82 C    27.1    -0.1     8.5    95.4    39.6    68.4 -99.000 -99.000 -99.000 -99.000 -99.000 -9999.0 -9999.0 -9999.0 -9999.0 -9999.0
96408 20160525  2.515 -150.87   63.45     7.7     2.9     5.3     4.8     8.1     8.81 C    15.4     1.1     5.9    96.8    74.2    88.5 -99.000 -99.000 -99.000 -99.000 -99.000 -9999.0 -9999.0 -9999.0 -9999.0 -9999.0
96408 20160526  2.515 -150.87   63.45     9.8     2.8     6.3     5.9     0.6     7.75 C    22.7     2.2     7.2    97.2    57.8    80.8 -99.000 -99.000 -99.000 -99.000 -99.000 -9999.0 -9999.0 -9999.0 -9999.0 -9999.0
96408 20160527  2.515 -150.87   63.45    15.2     3.2     9.2     9.8     0.0    27.97 C    30.2    -1.4    13.3    87.3    48.4    64.6 -99.000 -99.000 -99.000 -99.000 -99.000 -9999.0 -9999.0 -9999.0 -9999.0 -9999.0
96408 20160528  2.515 -150.87   63.45    20.0     5.1    12.5    13.3     0.0    28.27 C    36.2     0.0    16.4    80.2    29.0    48.8 -99.000 -99.000 -99.000 -99.000 -99.000 -9999.0 -9999.0 -9999.0 -9999.0 -9999.0
96408 20160529  2.515 -150.87   63.45    16.1     5.6    10.8    12.0     0.0    28.97 C    30.8    -0.8    14.5    63.9    21.2    39.2 -99.000 -99.000 -99.000 -99.000 -99.000 -9999.0 -9999.0 -9999.0 -9999.0 -9999.0
96408 20160530  2.515 -150.87   63.45    19.7     5.2    12.4    12.3     2.1    23.72 C    40.9     0.0    14.7    80.5    22.3    46.8 -99.000 -99.000 -99.000 -99.000 -99.000 -9999.0 -9999.0 -9999.0 -9999.0 -9999.0
96408 20160531  2.515 -150.87   63.45    19.0     3.6    11.3    12.0     0.0    18.64 C    33.1    -1.7    11.5    85.9    33.5    56.0 -99.000 -99.000 -99.000 -99.000 -99.000 -9999.0 -9999.0 -9999.0 -9999.0 -9999.0
96408 20160601  2.515 -150.87   63.45    18.9     5.9    12.4    12.5     0.0    17.31 C    33.3    -2.0    12.2    74.8    30.4    52.7 -99.000 -99.000 -99.000 -99.000 -99.000 -9999.0 -9999.0 -9999.0 -9999.0 -9999.0
96408 20160602  2.515 -150.87   63.45     9.7     6.0     7.8     8.1    12.0     6.35 C    13.1     4.3     8.6    95.5    72.0    88.8 -99.000 -99.000 -99.000 -99.000 -99.000 -9999.0 -9999.0 -9999.0 -9999.0 -9999.0
96408 20160603  2.515 -150.87   63.45    12.6     5.2     8.9     8.7     2.9    15.21 C    23.3     0.3    10.1    94.8    50.5    70.5 -99.000 -99.000 -99.000 -99.000 -99.000 -9999.0 -9999.0 -9999.0 -9999.0 -9999.0
96408 20160604  2.515 -150.87   63.45    15.6     2.7     9.2     9.3     2.3    19.16 C    30.8    -2.8    11.0    91.3    44.0    67.4 -99.000 -99.000 -99.000 -99.000 -99.000 -9999.0 -9999.0 -9999.0 -9999.0 -9999.0
96408 20160605  2.515 -150.87   63.45     9.1     3.6     6.4     6.5    12.9     6.51 C    11.2     0.9     6.0    94.6    67.9    84.1 -99.000 -99.000 -99.000 -99.000 -99.000 -9999.0 -9999.0 -9999.0 -9999.0 -9999.0
96408 20160606  2.515 -150.87   63.45    11.2     3.3     7.2     6.4     2.1    13.60 C    25.6     1.9     8.6    96.1    53.6    79.2 -99.000 -99.000 -99.000 -99.000 -99.000 -9999.0 -9999.0 -9999.0 -9999.0 -9999.0
96408 20160607  2.515 -150.87   63.45    15.4     3.2     9.3     9.9     0.0    18.52 C    27.2    -1.3    10.0    86.0    36.2    56.2 -99.000 -99.000 -99.000 -99.000 -99.000 -9999.0 -9999.0 -9999.0 -9999.0 -9999.0
96408 20160608  2.515 -150.87   63.45    15.8     6.7    11.3    11.2     1.1     8.69 C    20.7     3.8    10.3    87.9    45.5    63.3 -99.000 -99.000 -99.000 -99.000 -99.000 -9999.0 -9999.0 -9999.0 -9999.0 -9999.0
96408 20160609  2.515 -150.87   63.45    16.9     8.3    12.6    12.2     0.5    14.74 C    25.9     5.3    13.1    88.3    41.0    67.5 -99.000 -99.000 -99.000 -99.000 -99.000 -9999.0 -9999.0 -9999.0 -9999.0 -9999.0
96408 20160610  2.515 -150.87   63.45    15.6     7.0    11.3    10.5    12.0    14.60 C    31.1     1.9    11.4    91.6    46.7    73.0 -99.000 -99.000 -99.000 -99.000 -99.000 -9999.0 -9999.0 -9999.0 -9999.0 -9999.0
96408 20160611  2.515 -150.87   63.45    13.2     6.6     9.9     8.9     3.4    12.21 C    24.6     3.8    10.1    89.9    49.9    78.0 -99.000 -99.000 -99.000 -99.000 -99.000 -9999.0 -9999.0 -9999.0 -9999.0 -9999.0
96408 20160612  2.515 -150.87   63.45    14.0     5.6     9.8     8.6     3.6    15.25 C    23.0     4.4    10.1    94.6    45.1    77.1 -99.000 -99.000 -99.000 -99.000 -99.000 -9999.0 -9999.0 -9999.0 -9999.0 -9999.0
96408 20160613  2.515 -150.87   63.45    13.1     5.0     9.0     8.4     1.7    20.05 C    23.1     3.4    10.3    91.6    40.0    69.2 -99.000 -99.000 -99.000 -99.000 -99.000 -9999.0 -9999.0 -9999.0 -9999.0 -9999.0
96408 20160614  2.515 -150.87   63.45    13.3     3.7     8.5     7.7     0.6    16.55 C    31.2    -1.0    10.3    93.1    44.6    69.9 -99.000 -99.000 -99.000 -99.000 -99.000 -9999.0 -9999.0 -9999.0 -9999.0 -9999.0
96408 20160615  2.515 -150.87   63.45    20.2     3.6    11.9    13.1     0.0    30.00 C    35.8    -1.2    16.1    84.0    26.3    45.8 -99.000 -99.000 -99.000 -99.000 -99.000 -9999.0 -9999.0 -9999.0 -9999.0 -9999.0
96408 20160616  2.515 -150.87   63.45    27.1     9.5    18.3    19.4     0.0    27.83 C    41.4     3.9    20.8    58.5    18.0    37.4 -99.000 -99.000 -99.000 -99.000 -99.000 -9999.0 -9999.0 -9999.0 -9999.0 -9999.0
96408 20160617  2.515 -150.87   63.45    24.3    10.3    17.3    17.8     0.0    23.74 C    38.3     4.1    18.5    78.6    23.7    41.7 -99.000 -99.000 -99.000 -99.000 -99.000 -9999.0 -9999.0 -9999.0 -9999.0 -9999.0
96408 20160618  2.515 -150.87   63.45    20.1     9.4    14.7    14.4     0.0    24.11 C    35.8     4.6    18.5    85.0    30.6    60.1 -99.000 -99.000 -99.000 -99.000 -99.000 -9999.0 -9999.0 -9999.0 -9999.0 -9999.0
96408 20160619  2.515 -150.87   63.45    15.6     8.2    11.9    11.9     2.6    12.27 C    22.6     6.0    13.3    93.5    48.9    71.4 -99.000 -99.000 -99.000 -99.000 -99.000 -9999.0 -9999.0 -9999.0 -9999.0 -9999.0
96408 20160620  2.515 -150.87   63.45    12.2     6.7     9.5     8.9     7.0    12.48 C    19.1     6.4    10.4    95.9    65.6    82.7 -99.000 -99.000 -99.000 -99.000 -99.000 -9999.0 -9999.0 -9999.0 -9999.0 -9999.0
96408 20160621  2.515 -150.87   63.45    14.5     7.4    11.0    10.2     2.1    10.12 C    19.6     6.5    10.2    93.6    58.2    78.1 -99.000 -99.000 -99.000 -99.000 -99.000 -9999.0 -9999.0 -9999.0 -9999.0 -9999.0
96408 20160622  2.515 -150.87   63.45    19.4     7.7    13.5    13.8     0.0    16.61 C    33.0     0.4    14.8    87.0    40.2    63.4 -99.000 -99.000 -99.000 -99.000 -99.000 -9999.0 -9999.0 -9999.0 -9999.0 -9999.0
96408 20160623  2.515 -150.87   63.45    21.9    10.6    16.3    15.8     0.0    17.21 C    38.2     6.2    16.7    90.9    39.8    60.3 -99.000 -99.000 -99.000 -99.000 -99.000 -9999.0 -9999.0 -9999.0 -9999.0 -9999.0
96408 20160624  2.515 -150.87   63.45    18.3    10.2    14.2    13.4     1.8    12.70 C    31.2     7.1    14.8    94.8    49.5    78.2 -99.000 -99.000 -99.000 -99.000 -99.000 -9999.0 -9999.0 -9999.0 -9999.0 -9999.0
96408 20160625  2.515 -150.87   63.45    20.9     9.9    15.4    15.3     0.4    20.10 C    35.5     7.0    17.6    94.6    38.6    63.2 -99.000 -99.000 -99.000 -99.000 -99.000 -9999.0 -9999.0 -9999.0 -9999.0 -9999.0
96408 20160626  2.515 -150.87   63.45    20.9    10.9    15.9    13.8    20.8    15.24 C    30.7     8.9    14.7    91.1    46.3    75.1 -99.000 -99.000 -99.000 -99.000 -99.000 -9999.0 -9999.0 -9999.0 -9999.0 -9999.0
96408 20160627  2.515 -150.87   63.45    12.7     9.8    11.2    11.2     4.3     7.99 C    16.7     6.9    11.6    91.1    73.8    84.3 -99.000 -99.000 -99.000 -99.000 -99.000 -9999.0 -9999.0 -9999.0 -9999.0 -9999.0
96408 20160628  2.515 -150.87   63.45    18.2     9.2    13.7    12.4     0.5    18.71 C    30.9     4.1    14.3    91.5    52.3    76.0 -99.000 -99.000 -99.000 -99.000 -99.000 -9999.0 -9999.0 -9999.0 -9999.0 -9999.0
96408 20160629  2.515 -150.87   63.45    20.3     9.7    15.0    14.2     2.4    24.11 C    36.8     6.6    17.7    91.9    40.6    67.9 -99.000 -99.000 -99.000 -99.000 -99.000 -9999.0 -9999.0 -9999.0 -9999.0 -9999.0
96408 20160630  2.515 -150.87   63.45    17.0    10.5    13.7    12.9     7.8    12.74 C    25.3     8.4    14.2    94.9    61.6    82.0 -99.000 -99.000 -99.000 -99.000 -99.000 -9999.0 -9999.0 -9999.0 -9999.0 -9999.0
96408 20160701  2.515 -150.87   63.45    14.2    10.2    12.2    12.1    17.6     6.51 C    18.2     9.7    13.0    96.3    80.9    92.3 -99.000 -99.000 -99.000 -99.000 -99.000 -9999.0 -9999.0 -9999.0 -9999.0 -9999.0
96408 20160702  2.515 -150.87   63.45    17.9     9.7    13.8    13.3    11.2    13.26 C    27.8     6.6    14.4    95.8    60.1    80.3 -99.000 -99.000 -99.000 -99.000 -99.000 -9999.0 -9999.0 -9999.0 -9999.0 -9999.0
96408 20160703  2.515 -150.87   63.45    15.5    11.2    13.4    12.5    24.8     7.16 C    19.3    10.6    13.1    95.7    77.8    91.5 -99.000 -99.000 -99.000 -99.000 -99.000 -9999.0 -9999.0 -9999.0 -9999.0 -9999.0
96408 20160704  2.515 -150.87   63.45    17.1    10.4    13.8    12.3    26.5     8.16 C    27.4     8.3    13.1    96.2    71.0    89.9 -99.000 -99.000 -99.000 -99.000 -99.000 -9999.0 -9999.0 -9999.0 -9999.0 -9999.0
96408 20160705  2.515 -150.87   63.45    12.2     9.5    10.8    10.8    18.9     4.34 C    14.0     9.1    11.5    96.5    83.6    92.0 -99.000 -99.000 -99.000 -99.000 -99.000 -9999.0 -9999.0 -9999.0 -9999.0 -9999.0
96408 20160706  2.515 -150.87   63.45    16.0     8.6    12.3    10.9     6.5    14.31 C    27.6     8.4    13.0    96.5    52.8    85.7 -99.000 -99.000 -99.000 -99.000 -99.000 -9999.0 -9999.0 -9999.0 -9999.0 -9999.0
96408 20160707  2.515 -150.87   63.45    16.6     8.2    12.4    11.7     0.3    17.17 C    28.6     7.7    13.8    96.6    53.1    79.4 -99.000 -99.000 -99.000 -99.000 -99.000 -9999.0 -9999.0 -9999.0 -9999.0 -9999.0
96408 20160708  2.515 -150.87   63.45    19.8     9.6    14.7    14.2     0.0    19.61 C    33.2     4.8    16.2    88.1    47.0    69.5 -99.000 -99.000 -99.000 -99.000 -99.000 -9999.0 -9999.0 -9999.0 -9999.0 -9999.0
96408 20160709  2.515 -150.87   63.45    19.3     9.7    14.5    14.4     1.6    18.24 C    29.7     4.8    15.5    92.0    49.9    72.3 -99.000 -99.000 -99.000 -99.000 -99.000 -9999.0 -9999.0 -9999.0 -9999.0 -9999.0
96408 20160710  2.515 -150.87   63.45    13.8     8.5    11.1    11.7     3.2     6.37 C    17.3     8.4    12.1    94.9    75.7    87.3 -99.000 -99.000 -99.000 -99.000 -99.000 -9999.0 -9999.0 -9999.0 -9999.0 -9999.0
96408 20160711  2.515 -150.87   63.45    11.8     7.3     9.5     9.7     2.0     9.85 C    19.6     7.1    11.1    95.1    62.1    79.7 -99.000 -99.000 -99.000 -99.000 -99.000 -9999.0 -9999.0 -9999.0 -9999.0 -9999.0
96408 20160712  2.515 -150.87   63.45    22.9     6.7    14.8    15.2     0.0    22.10 C    35.7     1.5    16.4    90.4    47.6    70.7 -99.000 -99.000 -99.000 -99.000 -99.000 -9999.0 -9999.0 -9999.0 -9999.0 -9999.0
96408 20160713  2.515 -150.87   63.45    26.5    11.3    18.9    18.5     2.0    22.36 C    40.0     5.9    18.4    89.0    34.5    64.6 -99.000 -99.000 -99.000 -99.000 -99.000 -9999.0 -9999.0 -9999.0 -9999.0 -9999.0
96408 20160714  2.515 -150.87   63.45    26.1    11.9    19.0    18.2     0.4    19.46 C    38.5     6.5    17.3    89.4    38.0    64.5 -99.000 -99.000 -99.000 -99.000 -99.000 -9999.0 -9999.0 -9999.0 -9999.0 -9999.0
96408 20160715  2.515 -150.87   63.45    24.4    13.0    18.7    17.3     4.3    18.89 C    36.4     8.2    18.3    90.5    39.3    65.7 -99.000 -99.000 -99.000 -99.000 -99.000 -9999.0 -9999.0 -9999.0 -9999.0 -9999.0
96408 20160716  2.515 -150.87   63.45 -9999.0 -9999.0 -9999.0 -9999.0 -9999.0 -9999.00 U -9999.0 -9999.0 -9999.0 -9999.0 -9999.0 -9999.0 -99.000 -99.000 -99.000 -99.000 -99.000 -9999.0 -9999.0 -9999.0 -9999.0 -9999.0
96408 20160717  2.515 -150.87   63.45    17.1    11.3    14.2    14.9     0.0     8.63 C    18.2     5.2    13.4    79.0    52.7    63.1 -99.000 -99.000 -99.000 -99.000 -99.000 -9999.0 -9999.0 -9999.0 -9999.0 -9999.0
96408 20160718  2.515 -150.87   63.45    15.1     8.5    11.8    12.2     3.7     5.63 C    16.1     8.1    11.7    92.6    48.9    73.5 -99.000 -99.000 -99.000 -99.000 -99.000 -9999.0 -9999.0 -9999.0 -9999.0 -9999.0
96408 20160719  2.515 -150.87   63.45    10.1     7.8     9.0     8.8     5.4     3.50 C    11.7     7.4     9.0    94.7    83.0    91.5 -99.000 -99.000 -99.000 -99.000 -99.000 -9999.0 -9999.0 -9999.0 -9999.0 -9999.0
96408 20160720  2.515 -150.87   63.45    10.3     7.5     8.9     8.8    17.9     3.90 C    12.5     7.4     9.2    95.8    80.4    92.4 -99.000 -99.000 -99.000 -99.000 -99.000 -9999.0 -9999.0 -9999.0 -9999.0 -9999.0
96408 20160721  2.515 -150.87   63.45    11.7     8.4    10.0     9.9    28.3     4.58 C    12.8     7.9    10.0    95.5    81.3    91.8 -99.000 -99.000 -99.000 -99.000 -99.000 -9999.0 -9999.0 -9999.0 -9999.0 -9999.0
96408 20160722  2.515 -150.87   63.45    11.6     7.7     9.6     9.1     0.0     7.57 C    16.7     7.6    10.4    96.1    72.9    87.9 -99.000 -99.000 -99.000 -99.000 -99.000 -9999.0 -9999.0 -9999.0 -9999.0 -9999.0
96408 20160723  2.515 -150.87   63.45    14.8     7.1    10.9     9.7     2.5    10.59 C    25.8     7.4    11.6    96.5    61.7    89.0 -99.000 -99.000 -99.000 -99.000 -99.000 -9999.0 -9999.0 -9999.0 -9999.0 -9999.0
96408 20160724  2.515 -150.87   63.45    16.0     8.1    12.1    10.4    10.5    10.22 C    26.1     7.2    11.9    96.5    65.3    90.2 -99.000 -99.000 -99.000 -99.000 -99.000 -9999.0 -9999.0 -9999.0 -9999.0 -9999.0
96408 20160725  2.515 -150.87   63.45    18.4     7.2    12.8    13.3     3.9    19.21 C    29.3     3.0    14.3    95.3    51.3    73.0 -99.000 -99.000 -99.000 -99.000 -99.000 -9999.0 -9999.0 -9999.0 -9999.0 -9999.0
96408 20160726  2.515 -150.87   63.45    15.8     9.1    12.4    12.1     0.0     8.78 C    21.0     7.0    12.4    93.4    56.6    77.3 -99.000 -99.000 -99.000 -99.000 -99.000 -9999.0 -9999.0 -9999.0 -9999.0 -9999.0
96408 20160727  2.515 -150.87   63.45    19.7     9.0    14.4    14.4     1.4    17.73 C    31.4     4.9    15.5    85.6    43.8    63.9 -99.000 -99.000 -99.000 -99.000 -99.000 -9999.0 -9999.0 -9999.0 -9999.0 -9999.0
96408 20160728  2.515 -150.87   63.45    16.2     8.5    12.3    12.5     0.8    11.06 C    21.5     6.1    12.3    90.4    61.5    78.2 -99.000 -99.000 -99.000 -99.000 -99.000 -9999.0 -9999.0 -9999.0 -9999.0 -9999.0
96408 20160729  2.515 -150.87   63.45    11.6     9.4    10.5    10.5    14.2     1.85 C    11.6     8.2    10.3    95.9    81.4    91.2 -99.000 -99.000 -99.000 -99.000 -99.000 -9999.0 -9999.0 -9999.0 -9999.0 -9999.0
96408 20160730  2.515 -150.87   63.45    13.7     9.2    11.4    10.7    13.1     5.96 C    18.6     8.9    11.3    96.0    76.8    90.0 -99.000 -99.000 -99.000 -99.000 -99.000 -9999.0 -9999.0 -9999.0 -9999.0 -9999.0
96408 20160731  2.515 -150.87   63.45    16.3     8.7    12.5    11.7     2.3     9.70 C    23.3     8.0    13.2    96.5    59.5    85.3 -99.000 -99.000 -99.000 -99.000 -99.000 -9999.0 -9999.0 -9999.0 -9999.0 -9999.0
96408 20160801  2.515 -150.87   63.45    18.2     8.8    13.5    12.8    13.4    13.26 C    28.0     5.4    13.7    96.7    51.4    84.0 -99.000 -99.000 -99.000 -99.000 -99.000 -9999.0 -9999.0 -9999.0 -9999.0 -9999.0
96408 20160802  2.515 -150.87   63.45    18.2     7.7    13.0    12.6     8.6    13.76 C    27.4     5.5    13.5    95.8    52.6    81.9 -99.000 -99.000 -99.000 -99.000 -99.000 -9999.0 -9999.0 -9999.0 -9999.0 -9999.0
96408 20160803  2.515 -150.87   63.45    12.4     8.5    10.4    10.2     2.3     7.58 C    18.2     5.0    11.3    96.1    69.4    86.2 -99.000 -99.000 -99.000 -99.000 -99.000 -9999.0 -9999.0 -9999.0 -9999.0 -9999.0
96408 20160804  2.515 -150.87   63.45    17.0     6.9    11.9    12.3     0.0    11.50 C    22.3     3.2    12.7    94.3    55.0    80.1 -99.000 -99.000 -99.000 -99.000 -99.000 -9999.0 -9999.0 -9999.0 -9999.0 -9999.0
96408 20160805  2.515 -150.87   63.45    20.4    10.4    15.4    14.9     0.7    15.93 C    31.2     5.8    16.2    96.8    54.7    75.8 -99.000 -99.000 -99.000 -99.000 -99.000 -9999.0 -9999.0 -9999.0 -9999.0 -9999.0
96408 20160806  2.515 -150.87   63.45    20.1    10.0    15.1    14.4    24.8    13.55 C    31.4     5.0    14.9    94.8    53.2    75.2 -99.000 -99.000 -99.000 -99.000 -99.000 -9999.0 -9999.0 -9999.0 -9999.0 -9999.0
96408 20160807  2.515 -150.87   63.45    18.0     8.5    13.2    12.8     0.5    14.88 C    27.6     6.7    14.1    95.3    57.4    79.2 -99.000 -99.000 -99.000 -99.000 -99.000 -9999.0 -9999.0 -9999.0 -9999.0 -9999.0
96408 20160808  2.515 -150.87   63.45    16.9     8.6    12.8    12.1     3.5    11.02 C    27.1     6.0    13.1    96.5    58.3    83.5 -99.000 -99.000 -99.000 -99.000 -99.000 -9999.0 -9999.0 -9999.0 -9999.0 -9999.0
96408 20160809  2.515 -150.87   63.45    15.0     6.5    10.7     9.9     7.9     8.06 C    23.0     1.9    10.2    96.4    61.8    87.4 -99.000 -99.000 -99.000 -99.000 -99.000 -9999.0 -9999.0 -9999.0 -9999.0 -9999.0
96408 20160810  2.515 -150.87   63.45    16.6     5.8    11.2    10.0     4.8    12.59 C    25.0     1.4     9.8    95.2    53.1    82.8 -99.000 -99.000 -99.000 -99.000 -99.000 -9999.0 -9999.0 -9999.0 -9999.0 -9999.0
96408 20160811  2.515 -150.87   63.45    16.0     6.9    11.4    11.4     0.0    13.38 C    21.5     3.7    11.9    97.2    53.0    78.7 -99.000 -99.000 -99.000 -99.000 -99.000 -9999.0 -9999.0 -9999.0 -9999.0 -9999.0
96408 20160812  2.515 -150.87   63.45    17.2     7.8    12.5    12.2     0.0    18.29 C    29.9     4.8    14.6    94.7    56.1    76.8 -99.000 -99.000 -99.000 -99.000 -99.000 -9999.0 -9999.0 -9999.0 -9999.0 -9999.0
96408 20160813  2.515 -150.87   63.45    20.9     8.1    14.5    13.7     0.0    15.79 C    33.9     4.0    14.1    90.5    35.9    67.6 -99.000 -99.000 -99.000 -99.000 -99.000 -9999.0 -9999.0 -9999.0 -9999.0 -9999.0
96408 20160814  2.515 -150.87   63.45    20.0     8.8    14.4    13.1     0.8    13.51 C    33.1     4.1    13.1    85.8    38.9    65.3 -99.000 -99.000 -99.000 -99.000 -99.000 -9999.0 -9999.0 -9999.0 -9999.0 -9999.0
96408 20160815  2.515 -150.87   63.45    17.6     7.3    12.5    11.8     1.8    13.12 C    28.0     5.0    13.2    91.4    45.9    73.7 -99.000 -99.000 -99.000 -99.000 -99.000 -9999.0 -9999.0 -9999.0 -9999.0 -9999.0
96408 20160816  2.515 -150.87   63.45    17.3     8.9    13.1    12.6     1.6    13.69 C    26.2     3.7    12.9    90.8    51.8    73.9 -99.000 -99.000 -99.000 -99.000 -99.000 -9999.0 -9999.0 -9999.0 -9999.0 -9999.0
96408 20160817  2.515 -150.87   63.45    20.2     7.8    14.0    13.9     0.0    17.75 C    34.6     1.8    13.8    87.5    36.0    61.0 -99.000 -99.000 -99.000 -99.000 -99.000 -9999.0 -9999.0 -9999.0 -9999.0 -9999.0
96408 20160818  2.515 -150.87   63.45    17.1     6.2    11.7    11.5     0.4    10.66 C    30.3     2.3    11.8    88.9    47.9    69.8 -99.000 -99.000 -99.000 -99.000 -99.000 -9999.0 -9999.0 -9999.0 -9999.0 -9999.0
96408 20160819  2.515 -150.87   63.45    16.6     8.9    12.7    11.7     0.4     9.73 C    24.4     2.5    11.6    92.3    48.1    73.6 -99.000 -99.000 -99.000 -99.000 -99.000 -9999.0 -9999.0 -9999.0 -9999.0 -9999.0
96408 20160820  2.515 -150.87   63.45    14.4     8.6    11.5    10.6     1.1     6.35 C    22.6     4.5    10.6    94.1    61.1    81.8 -99.000 -99.000 -99.000 -99.000 -99.000 -9999.0 -9999.0 -9999.0 -9999.0 -9999.0
96408 20160821  2.515 -150.87   63.45    14.2     6.8    10.5    10.3     0.4     8.45 C    23.1     4.8    11.1    96.9    66.5    85.3 -99.000 -99.000 -99.000 -99.000 -99.000 -9999.0 -9999.0 -9999.0 -9999.0 -9999.0
96408 20160822  2.515 -150.87   63.45    16.6     5.4    11.0    11.5     1.1    12.69 C    25.6     0.2    11.7    97.3    46.5    73.5 -99.000 -99.000 -99.000 -99.000 -99.000 -9999.0 -9999.0 -9999.0 -9999.0 -9999.0
96408 20160823  2.515 -150.87   63.45    17.7     7.3    12.5    12.3     0.7    13.82 C    24.4     4.3    12.5    94.3    43.6    71.0 -99.000 -99.000 -99.000 -99.000 -99.000 -9999.0 -9999.0 -9999.0 -9999.0 -9999.0
96408 20160824  2.515 -150.87   63.45    18.6     6.8    12.7    12.2     0.0    12.03 C    28.0     0.7    11.8    92.0    51.2    72.3 -99.000 -99.000 -99.000 -99.000 -99.000 -9999.0 -9999.0 -9999.0 -9999.0 -9999.0
96408 20160825  2.515 -150.87   63.45    15.5     8.0    11.7    11.1     7.6     7.84 C    22.1     4.3    11.3    95.3    60.8    83.9 -99.000 -99.000 -99.000 -99.000 -99.000 -9999.0 -9999.0 -9999.0 -9999.0 -9999.0
96408 20160826  2.515 -150.87   63.45    17.2     9.6    13.4    12.6     0.0    10.69 C    26.3     9.1    13.8    94.3    55.6    79.8 -99.000 -99.000 -99.000 -99.000 -99.000 -9999.0 -9999.0 -9999.0 -9999.0 -9999.0
96408 20160827  2.515 -150.87   63.45    16.9     7.9    12.4    12.6     0.6    12.51 C    25.5     2.0    13.5    96.0    53.3    77.0 -99.000 -99.000 -99.000 -99.000 -99.000 -9999.0 -9999.0 -9999.0 -9999.0 -9999.0
96408 20160828  2.515 -150.87   63.45    17.3     5.4    11.4    11.4     0.0    17.61 C    26.1     1.4    11.1    93.1    39.2    64.3 -99.000 -99.000 -99.000 -99.000 -99.000 -9999.0 -9999.0 -9999.0 -9999.0 -9999.0
96408 20160829  2.515 -150.87   63.45    15.9     5.5    10.7    11.0     0.0    17.32 C    23.2     0.2    10.2    77.9    38.5    54.9 -99.000 -99.000 -99.000 -99.000 -99.000 -9999.0 -9999.0 -9999.0 -9999.0 -9999.0
96408 20160830  2.515 -150.87   63.45    17.5     6.9    12.2    11.7     0.0    17.16 C    26.1     0.2    11.1    59.3    33.5    46.0 -99.000 -99.000 -99.000 -99.000 -99.000 -9999.0 -9999.0 -9999.0 -9999.0 -9999.0
96408 20160831  2.515 -150.87   63.45    18.8     4.6    11.7    11.6     0.0    16.85 C    29.1    -2.6    11.0    69.7    29.5    48.4 -99.000 -99.000 -99.000 -99.000 -99.000 -9999.0 -9999.0 -9999.0 -9999.0 -9999.0
96408 20160901  2.515 -150.87   63.45    17.1     5.5    11.3    11.1     0.0    16.56 C    25.9    -0.2    10.7    83.6    32.4    56.2 -99.000 -99.000 -99.000 -99.000 -99.000 -9999.0 -9999.0 -9999.0 -9999.0 -9999.0
96408 20160902  2.515 -150.87   63.45    16.3     4.8    10.5    10.6     0.0    16.03 C    26.7    -1.5    10.7    85.6    45.6    64.6 -99.000 -99.000 -99.000 -99.000 -99.000 -9999.0 -9999.0 -9999.0 -9999.0 -9999.0
96408 20160903  2.515 -150.87   63.45    19.5     5.9    12.7    12.4     0.0    15.87 C    29.4     0.4    11.7    79.4    24.7    51.4 -99.000 -99.000 -99.000 -99.000 -99.000 -9999.0 -9999.0 -9999.0 -9999.0 -9999.0
96408 20160904  2.515 -150.87   63.45    15.9     6.4    11.2    10.4     0.5     8.33 C    25.9     1.3    10.0    94.5    41.4    66.2 -99.000 -99.000 -99.000 -99.000 -99.000 -9999.0 -9999.0 -9999.0 -9999.0 -9999.0
96408 20160905  2.515 -150.87   63.45    10.2     7.1     8.7     8.5    17.9     2.39 C    12.2     6.1     8.5    95.9    86.6    92.6 -99.000 -99.000 -99.000 -99.000 -99.000 -9999.0 -9999.0 -9999.0 -9999.0 -9999.0
96408 20160906  2.515 -150.87   63.45    11.8     3.5     7.7     7.5     3.1     5.28 C    16.9     3.9     8.4    96.1    66.7    89.2 -99.000 -99.000 -99.000 -99.000 -99.000 -9999.0 -9999.0 -9999.0 -9999.0 -9999.0
96408 20160907  2.515 -150.87   63.45     8.9     2.3     5.6     5.1     0.0     9.28 C    17.0     2.6     7.5    96.4    74.9    88.0 -99.000 -99.000 -99.000 -99.000 -99.000 -9999.0 -9999.0 -9999.0 -9999.0 -9999.0
96408 20160908  2.515 -150.87   63.45    10.4     2.1     6.3     5.7     0.0     8.10 C    20.5    -0.5     7.1    96.1    59.7    80.9 -99.000 -99.000 -99.000 -99.000 -99.000 -9999.0 -9999.0 -9999.0 -9999.0 -9999.0
96408 20160909  2.515 -150.87   63.45    11.7     2.2     6.9     6.1     0.3    10.97 C    20.4    -5.6     6.4    96.9    37.6    73.2 -99.000 -99.000 -99.000 -99.000 -99.000 -9999.0 -9999.0 -9999.0 -9999.0 -9999.0
96408 20160910  2.515 -150.87   63.45    15.0     0.9     8.0     8.0     0.0    14.01 C    22.9    -5.8     5.7    76.8    31.9    55.0 -99.000 -99.000 -99.000 -99.000 -99.000 -9999.0 -9999.0 -9999.0 -9999.0 -9999.0
96408 20160911  2.515 -150.87   63.45    13.6     5.3     9.5     9.3     1.8     3.58 C    15.6    -0.9     7.5    94.6    35.7    62.0 -99.000 -99.000 -99.000 -99.000 -99.000 -9999.0 -9999.0 -9999.0 -9999.0 -9999.0
96408 20160912  2.515 -150.87   63.45    15.2     2.4     8.8     9.9    16.1     5.99 C    19.4     2.5     9.2    95.6    45.6    75.2 -99.000 -99.000 -99.000 -99.000 -99.000 -9999.0 -9999.0 -9999.0 -9999.0 -9999.0
96408 20160913  2.515 -150.87   63.45     5.9     1.2     3.5     3.2     2.0     5.47 C    13.2    -1.9     3.5    95.5    74.5    87.8 -99.000 -99.000 -99.000 -99.000 -99.000 -9999.0 -9999.0 -9999.0 -9999.0 -9999.0
96408 20160914  2.515 -150.87   63.45    10.1    -1.6     4.2     4.0     0.0     7.83 C    15.8    -5.7     3.3    96.9    55.5    78.6 -99.000 -99.000 -99.000 -99.000 -99.000 -9999.0 -9999.0 -9999.0 -9999.0 -9999.0
96408 20160915  2.515 -150.87   63.45    11.8    -1.1     5.3     5.6     0.0    10.46 C    21.0    -2.3     6.0    97.4    51.0    74.3 -99.000 -99.000 -99.000 -99.000 -99.000 -9999.0 -9999.0 -9999.0 -9999.0 -9999.0
96408 20160916  2.515 -150.87   63.45    13.6     0.9     7.3     6.8     0.0    11.14 C    23.0    -4.3     5.8    95.0    43.9    73.0 -99.000 -99.000 -99.000 -99.000 -99.000 -9999.0 -9999.0 -9999.0 -9999.0 -9999.0
96408 20160917  2.515 -150.87   63.45    11.7     3.3     7.5     6.5     7.6     8.16 C    22.2    -1.8     6.8    96.3    49.9    77.3 -99.000 -99.000 -99.000 -99.000 -99.000 -9999.0 -9999.0 -9999.0 -9999.0 -9999.0
96408 20160918  2.515 -150.87   63.45     4.6     0.4     2.5     2.7     4.6     3.13 C     6.7     0.6     3.3    97.3    80.1    93.0 -99.000 -99.000 -99.000 -99.000 -99.000 -9999.0 -9999.0 -9999.0 -9999.0 -9999.0
96408 20160919  2.515 -150.87   63.45    12.0     1.2     6.6     5.9     0.0     7.26 C    17.1    -0.4     5.3    93.5    40.5    66.7 -99.000 -99.000 -99.000 -99.000 -99.000 -9999.0 -9999.0 -9999.0 -9999.0 -9999.0
96408 20160920  2.515 -150.87   63.45    11.7     3.1     7.4     7.9     0.0     2.94 C    12.1     0.0     5.5    84.9    35.5    58.3 -99.000 -99.000 -99.000 -99.000 -99.000 -9999.0 -9999.0 -9999.0 -9999.0 -9999.0
96408 20160921  2.515 -150.87   63.45    11.7     1.4     6.5     7.2     0.0     6.77 C    17.1    -2.5     5.6    86.7    46.8    64.7 -99.000 -99.000 -99.000 -99.000 -99.000 -9999.0 -9999.0 -9999.0 -9999.0 -9999.0
96408 20160922  2.515 -150.87   63.45     6.0     0.7     3.3     3.5     8.1     3.00 C     9.3     1.0     3.4    96.1    70.9    86.5 -99.000 -99.000 -99.000 -99.000 -99.000 -9999.0 -9999.0 -9999.0 -9999.0 -9999.0
96408 20160923  2.515 -150.87   63.45     7.3    -0.5     3.4     2.8     0.0     5.20 C    12.8    -3.5     2.7    95.8    61.5    86.1 -99.000 -99.000 -99.000 -99.000 -99.000 -9999.0 -9999.0 -9999.0 -9999.0 -9999.0
96408 20160924  2.515 -150.87   63.45     3.7    -1.0     1.3     1.3     1.7     2.75 C     8.1    -4.3     1.0    97.7    77.9    92.7 -99.000 -99.000 -99.000 -99.000 -99.000 -9999.0 -9999.0 -9999.0 -9999.0 -9999.0
96408 20160925  2.515 -150.87   63.45     1.9    -1.1     0.4     0.0     3.0     3.21 C     3.9    -2.8    -0.1    97.6    83.9    93.8 -99.000 -99.000 -99.000 -99.000 -99.000 -9999.0 -9999.0 -9999.0 -9999.0 -9999.0
96408 20160926  2.515 -150.87   63.45     4.1    -4.9    -0.4    -0.6     0.0     9.84 C    14.0    -9.1    -1.0    95.4    58.8    77.2 -99.000 -99.000 -99.000 -99.000 -99.000 -9999.0 -9999.0 -9999.0 -9999.0 -9999.0
96408 20160927  2.515 -150.87   63.45     4.8    -3.5     0.6     0.5     0.0     5.56 C    10.1    -8.4    -1.1    89.3    51.0    70.5 -99.000 -99.000 -99.000 -99.000 -99.000 -9999.0 -9999.0 -9999.0 -9999.0 -9999.0
96408 20160928  2.515 -150.87   63.45     8.1    -0.8     3.7     2.9     0.0     4.39 C    12.0    -4.1     1.7    91.9    48.5    69.1 -99.000 -99.000 -99.000 -99.000 -99.000 -9999.0 -9999.0 -9999.0 -9999.0 -9999.0
96408 20160929  2.515 -150.87   63.45     8.4    -0.3     4.1     3.7     0.0     6.11 C    16.4    -4.9     2.9    95.1    53.2    76.3 -99.000 -99.000 -99.000 -99.000 -99.000 -9999.0 -9999.0 -9999.0 -9999.0 -9999.0
96408 20160930  2.515 -150.87   63.45    14.2    -0.7     6.8     6.3     0.0     8.52 C    19.5    -4.2     3.1    80.9    22.2    44.4 -99.000 -99.000 -99.000 -99.000 -99.000 -9999.0 -9999.0 -9999.0 -9999.0 -9999.0
96408 20161001  2.515 -150.87   63.45    12.4     1.9     7.2     6.7     0.0     4.85 C    13.8    -3.8     3.1    77.0    28.0    46.0 -99.000 -99.000 -99.000 -99.000 -99.000 -9999.0 -9999.0 -9999.0 -9999.0 -9999.0
96408 20161002  2.515 -150.87   63.45     6.5     1.7     4.1     4.0     4.3     2.42 C     7.9    -1.5     2.8    96.2    49.3    70.3 -99.000 -99.000 -99.000 -99.000 -99.000 -9999.0 -9999.0 -9999.0 -9999.0 -9999.0
96408 20161003  2.515 -150.87   63.45     4.9     1.6     3.3     2.8     9.3     2.39 C     6.6     0.9     3.0    97.5    75.4    92.2 -99.000 -99.000 -99.000 -99.000 -99.000 -9999.0 -9999.0 -9999.0 -9999.0 -9999.0
96408 20161004  2.515 -150.87   63.45     4.8     1.2     3.0     2.2     3.2     4.07 C    14.0     0.9     3.6    98.1    83.8    94.1 -99.000 -99.000 -99.000 -99.000 -99.000 -9999.0 -9999.0 -9999.0 -9999.0 -9999.0
96408 20161005  2.515 -150.87   63.45     6.1    -2.3     1.9     1.3     0.0     7.48 C    11.7    -6.4     1.1    96.7    62.2    84.1 -99.000 -99.000 -99.000 -99.000 -99.000 -9999.0 -9999.0 -9999.0 -9999.0 -9999.0
96408 20161006  2.515 -150.87   63.45     8.1    -3.9     2.1     1.3     0.0     7.93 C    10.1    -8.6    -1.7    92.5    29.0    58.0 -99.000 -99.000 -99.000 -99.000 -99.000 -9999.0 -9999.0 -9999.0 -9999.0 -9999.0
96408 20161007  2.515 -150.87   63.45     8.5    -2.7     2.9     1.7     0.0     7.73 C    10.6    -8.4    -2.2    74.1    19.0    46.8 -99.000 -99.000 -99.000 -99.000 -99.000 -9999.0 -9999.0 -9999.0 -9999.0 -9999.0
96408 20161008  2.515 -150.87   63.45    11.0    -2.8     4.1     4.3     0.0     7.49 C    12.7   -11.9    -1.1    51.9    16.7    33.2 -99.000 -99.000 -99.000 -99.000 -99.000 -9999.0 -9999.0 -9999.0 -9999.0 -9999.0
96408 20161009  2.515 -150.87   63.45    10.7    -1.7     4.5     5.2     0.0     4.41 C    13.6    -9.7     0.4    55.3    21.6    36.1 -99.000 -99.000 -99.000 -99.000 -99.000 -9999.0 -9999.0 -9999.0 -9999.0 -9999.0
96408 20161010  2.515 -150.87   63.45    12.6     1.0     6.8     5.6     0.0     4.53 C    13.7    -5.2     1.3    75.8    30.7    52.2 -99.000 -99.000 -99.000 -99.000 -99.000 -9999.0 -9999.0 -9999.0 -9999.0 -9999.0
96408 20161011  2.515 -150.87   63.45    11.0     0.1     5.5     5.4     0.0     3.69 C    11.0    -6.3     0.3    69.2    28.7    44.7 -99.000 -99.000 -99.000 -99.000 -99.000 -9999.0 -9999.0 -9999.0 -9999.0 -9999.0
96408 20161012  2.515 -150.87   63.45    14.7    -0.5     7.1     5.4     0.0     5.99 C    16.0    -9.5    -0.5    62.2    13.0    35.0 -99.000 -99.000 -99.000 -99.000 -99.000 -9999.0 -9999.0 -9999.0 -9999.0 -9999.0
96408 20161013  2.515 -150.87   63.45     4.9    -2.8     1.1     1.1     0.0     6.28 C     9.0   -10.0    -2.8    69.7    31.0    48.7 -99.000 -99.000 -99.000 -99.000 -99.000 -9999.0 -9999.0 -9999.0 -9999.0 -9999.0
96408 20161014  2.515 -150.87   63.45     2.3    -7.4    -2.6    -2.1     0.0     6.22 C     4.4   -10.9    -4.6    74.4    36.5    51.0 -99.000 -99.000 -99.000 -99.000 -99.000 -9999.0 -9999.0 -9999.0 -9999.0 -9999.0
96408 20161015  2.515 -150.87   63.45    -2.1   -10.3    -6.2    -5.9     0.0     5.96 C     1.7   -16.5    -7.7    67.1    39.3    53.9 -99.000 -99.000 -99.000 -99.000 -99.000 -9999.0 -9999.0 -9999.0 -9999.0 -9999.0
96408 20161016  2.515 -150.87   63.45    -8.8   -13.4   -11.1   -11.1     0.0     5.53 C    -5.2   -16.4   -11.8    75.6    57.4    67.1 -99.000 -99.000 -99.000 -99.000 -99.000 -9999.0 -9999.0 -9999.0 -9999.0 -9999.0
96408 20161017  2.515 -150.87   63.45    -5.9   -12.1    -9.0    -9.7     0.0     4.60 C    -0.8   -13.6   -10.1    73.4    52.8    62.6 -99.000 -99.000 -99.000 -99.000 -99.000 -9999.0 -9999.0 -9999.0 -9999.0 -9999.0
96408 20161018  2.515 -150.87   63.45    -1.3   -14.7    -8.0    -8.2     0.0     3.60 C     3.0   -20.1   -10.0    90.1    53.7    73.7 -99.000 -99.000 -99.000 -99.000 -99.000 -9999.0 -9999.0 -9999.0 -9999.0 -9999.0
96408 20161019  2.515 -150.87   63.45     4.9    -6.3    -0.7    -2.2     0.0     4.56 C     9.0   -13.4    -5.7    74.0    29.7    54.1 -99.000 -99.000 -99.000 -99.000 -99.000 -9999.0 -9999.0 -9999.0 -9999.0 -9999.0
96408 20161020  2.515 -150.87   63.45    -2.6   -11.6    -7.1    -6.8     4.9     0.71 C    -5.6   -13.7    -8.6    91.8    51.8    79.3 -99.000 -99.000 -99.000 -99.000 -99.000 -9999.0 -9999.0 -9999.0 -9999.0 -9999.0
96408 20161021  2.515 -150.87   63.45    -8.0   -14.2   -11.1   -10.0     0.6     0.69 C    -8.3   -25.8   -12.4    92.3    75.0    86.1 -99.000 -99.000 -99.000 -99.000 -99.000 -9999.0 -9999.0 -9999.0 -9999.0 -9999.0
96408 20161022  2.515 -150.87   63.45    -7.8   -15.8   -11.8   -11.8     0.0     2.98 C   -10.0   -25.8   -17.7    89.6    59.7    77.0 -99.000 -99.000 -99.000 -99.000 -99.000 -9999.0 -9999.0 -9999.0 -9999.0 -9999.0
96408 20161023  2.515 -150.87   63.45    -0.5   -14.0    -7.2    -7.3     0.0     4.46 C    -5.3   -22.3   -13.9    94.8    33.5    54.0 -99.000 -99.000 -99.000 -99.000 -99.000 -9999.0 -9999.0 -9999.0 -9999.0 -9999.0
96408 20161024  2.515 -150.87   63.45     1.3   -14.3    -6.5    -4.9     0.0     4.21 C    -5.0   -23.3   -13.6    75.2    31.4    44.9 -99.000 -99.000 -99.000 -99.000 -99.000 -9999.0 -9999.0 -9999.0 -9999.0 -9999.0
96408 20161025  2.515 -150.87   63.45     7.8    -7.3     0.2    -0.5     0.0     3.46 C    -0.8   -18.7    -9.4    59.4    20.8    37.1 -99.000 -99.000 -99.000 -99.000 -99.000 -9999.0 -9999.0 -9999.0 -9999.0 -9999.0
96408 20161026  2.515 -150.87   63.45     4.3    -4.2     0.1    -0.4     0.0     4.36 C     1.4   -13.1    -5.9    74.3    30.7    44.9 -99.000 -99.000 -99.000 -99.000 -99.000 -9999.0 -9999.0 -9999.0 -9999.0 -9999.0
96408 20161027  2.515 -150.87   63.45     0.6   -11.2    -5.3    -3.4     0.0     3.60 C    -1.9   -16.9    -9.8    87.2    35.8    52.6 -99.000 -99.000 -99.000 -99.000 -99.000 -9999.0 -9999.0 -9999.0 -9999.0 -9999.0
96408 20161028  2.515 -150.87   63.45     7.0    -6.0     0.5     1.4     0.0     3.22 C     1.4   -15.6    -4.5    61.7    30.6    43.0 -99.000 -99.000 -99.000 -99.000 -99.000 -9999.0 -9999.0 -9999.0 -9999.0 -9999.0
96408 20161029  2.515 -150.87   63.45     7.9    -5.5     1.2     1.9     0.7     0.56 C     1.6    -3.1    -0.2    91.3    43.2    70.0 -99.000 -99.000 -99.000 -99.000 -99.000 -9999.0 -9999.0 -9999.0 -9999.0 -9999.0
96408 20161030  2.515 -150.87   63.45     5.1    -4.3     0.4     0.4     0.0     2.72 C     2.6    -8.6    -3.1    96.7    60.3    80.6 -99.000 -99.000 -99.000 -99.000 -99.000 -9999.0 -9999.0 -9999.0 -9999.0 -9999.0
96408 20161031  2.515 -150.87   63.45     7.7    -1.9     2.9     3.3     0.0     2.76 C     3.6    -7.8    -2.2    78.4    37.8    53.5 -99.000 -99.000 -99.000 -99.000 -99.000 -9999.0 -9999.0 -9999.0 -9999.0 -9999.0
96408 20161101  2.515 -150.87   63.45     8.2    -5.5     1.4     2.5     0.0     2.97 C     4.1    -9.7    -4.2    72.2    33.7    47.8 -99.000 -99.000 -99.000 -99.000 -99.000 -9999.0 -9999.0 -9999.0 -9999.0 -9999.0
96408 20161102  2.515 -150.87   63.45     3.8   -13.3    -4.7    -2.3     0.0     2.50 C     1.8   -13.8    -7.7    90.7    42.3    65.8 -99.000 -99.000 -99.000 -99.000 -99.000 -9999.0 -9999.0 -9999.0 -9999.0 -9999.0
96408 20161103  2.515 -150.87   63.45    -2.9   -13.0    -7.9    -8.3     0.0     1.21 C    -6.0   -14.6   -10.3    94.0    59.9    79.4 -99.000 -99.000 -99.000 -99.000 -99.000 -9999.0 -9999.0 -9999.0 -9999.0 -9999.0
96408 20161104  2.515 -150.87   63.45    -8.4   -13.4   -10.9   -11.1     0.0     2.47 C    -4.2   -14.7   -10.2    89.7    84.1    87.1 -99.000 -99.000 -99.000 -99.000 -99.000 -9999.0 -9999.0 -9999.0 -9999.0 -9999.0
96408 20161105  2.515 -150.87   63.45    -6.9   -12.2    -9.6   -10.0     1.4     0.85 C    -7.0   -13.0    -9.7    90.1    84.7    87.1 -99.000 -99.000 -99.000 -99.000 -99.000 -9999.0 -9999.0 -9999.0 -9999.0 -9999.0
96408 20161106  2.515 -150.87   63.45    -3.7   -12.8    -8.2    -8.3     0.0     2.64 C    -6.7   -17.3   -12.4    89.3    55.7    79.3 -99.000 -99.000 -99.000 -99.000 -99.000 -9999.0 -9999.0 -9999.0 -9999.0 -9999.0
96408 20161107  2.515 -150.87   63.45    -6.4   -16.8   -11.6   -11.8     0.0     1.09 C    -8.5   -19.7   -13.5    89.5    65.1    82.1 -99.000 -99.000 -99.000 -99.000 -99.000 -9999.0 -9999.0 -9999.0 -9999.0 -9999.0
96408 20161108  2.515 -150.87   63.45    -3.4   -18.4   -10.9   -11.0     0.0     2.19 C    -8.2   -20.3   -13.6    91.3    72.4    82.6 -99.000 -99.000 -99.000 -99.000 -99.000 -9999.0 -9999.0 -9999.0 -9999.0 -9999.0
96408 20161109  2.515 -150.87   63.45     4.1   -15.5    -5.7    -2.0     0.0     1.64 C    -0.9   -17.1    -7.2    91.1    47.7    66.5 -99.000 -99.000 -99.000 -99.000 -99.000 -9999.0 -9999.0 -9999.0 -9999.0 -9999.0
96408 20161110  2.515 -150.87   63.45     1.9   -15.0    -6.6    -5.8     0.4     0.51 C    -1.3   -15.8    -7.9    96.8    55.3    81.9 -99.000 -99.000 -99.000 -99.000 -99.000 -9999.0 -9999.0 -9999.0 -9999.0 -9999.0
96408 20161111  2.515 -150.87   63.45    -0.3    -8.6    -4.5    -3.0     0.9     0.81 C    -2.0   -10.3    -5.9    95.6    68.0    87.8 -99.000 -99.000 -99.000 -99.000 -99.000 -9999.0 -9999.0 -9999.0 -9999.0 -9999.0
96408 20161112  2.515 -150.87   63.45     3.4    -5.1    -0.8    -1.0     0.0     1.53 C    -3.7   -15.5    -8.5    73.9    48.8    59.7 -99.000 -99.000 -99.000 -99.000 -99.000 -9999.0 -9999.0 -9999.0 -9999.0 -9999.0
96408 20161113  2.515 -150.87   63.45     3.6   -14.2    -5.3    -5.1     0.0     0.65 C    -3.1   -16.3    -9.9    93.6    48.8    69.9 -99.000 -99.000 -99.000 -99.000 -99.000 -9999.0 -9999.0 -9999.0 -9999.0 -9999.0
96408 20161114  2.515 -150.87   63.45     2.2    -7.7    -2.7    -2.0     2.6     0.50 C    -1.0   -13.3    -4.4    96.8    50.2    82.0 -99.000 -99.000 -99.000 -99.000 -99.000 -9999.0 -9999.0 -9999.0 -9999.0 -9999.0
96408 20161115  2.515 -150.87   63.45    -6.2   -11.6    -8.9    -7.9     1.8     0.33 C    -4.9   -18.7    -8.5    89.8    84.5    88.2 -99.000 -99.000 -99.000 -99.000 -99.000 -9999.0 -9999.0 -9999.0 -9999.0 -9999.0
96408 20161116  2.515 -150.87   63.45   -10.3   -16.0   -13.1   -12.2     1.2     0.43 C   -10.8   -22.5   -13.3    86.4    78.7    84.7 -99.000 -99.000 -99.000 -99.000 -99.000 -9999.0 -9999.0 -9999.0 -9999.0 -9999.0
96408 20161117  2.515 -150.87   63.45   -12.9   -23.6   -18.3   -18.5     0.4     1.21 C   -13.2   -30.2   -24.0    90.9    73.2    79.7 -99.000 -99.000 -99.000 -99.000 -99.000 -9999.0 -9999.0 -9999.0 -9999.0 -9999.0
96408 20161118  2.515 -150.87   63.45    -7.0   -21.4   -14.2   -12.8     0.0     1.06 C   -12.2   -28.6   -18.9    95.8    60.9    74.5 -99.000 -99.000 -99.000 -99.000 -99.000 -9999.0 -9999.0 -9999.0 -9999.0 -9999.0
96408 20161119  2.515 -150.87   63.45    -8.9   -20.2   -14.5   -13.5     0.0     0.52 C   -15.4   -27.7   -21.1    86.3    59.4    73.3 -99.000 -99.000 -99.000 -99.000 -99.000 -9999.0 -9999.0 -9999.0 -9999.0 -9999.0
96408 20161120  2.515 -150.87   63.45    -9.3   -25.0   -17.2   -18.1     0.0     0.52 C   -14.0   -30.5   -24.4    87.8    59.4    78.5 -99.000 -99.000 -99.000 -99.000 -99.000 -9999.0 -9999.0 -9999.0 -9999.0 -9999.0
96408 20161121  2.515 -150.87   63.45    -7.0   -23.2   -15.1   -14.2     0.0     0.47 C   -12.4   -24.2   -18.6    87.3    59.4    76.6 -99.000 -99.000 -99.000 -99.000 -99.000 -9999.0 -9999.0 -9999.0 -9999.0 -9999.0
96408 20161122  2.515 -150.87   63.45    -6.0   -20.8   -13.4   -12.7     0.0     0.74 C    -9.8   -25.0   -17.8    88.2    57.4    75.4 -99.000 -99.000 -99.000 -99.000 -99.000 -9999.0 -9999.0 -9999.0 -9999.0 -9999.0
96408 20161123  2.515 -150.87   63.45    -6.7   -23.0   -14.8   -13.4     0.0     0.37 C   -13.0   -27.7   -20.9    87.1    49.7    69.6 -99.000 -99.000 -99.000 -99.000 -99.000 -9999.0 -9999.0 -9999.0 -9999.0 -9999.0
96408 20161124  2.515 -150.87   63.45   -12.6   -20.3   -16.4   -15.9     0.0     0.44 C   -14.1   -27.0   -20.4    84.2    63.9    74.3 -99.000 -99.000 -99.000 -99.000 -99.000 -9999.0 -9999.0 -9999.0 -9999.0 -9999.0
96408 20161125  2.515 -150.87   63.45   -12.1   -22.7   -17.4   -18.8     2.5     0.30 C   -13.5   -21.7   -17.0    84.8    62.4    81.4 -99.000 -99.000 -99.000 -99.000 -99.000 -9999.0 -9999.0 -9999.0 -9999.0 -9999.0
96408 20161126  2.515 -150.87   63.45   -10.8   -25.4   -18.1   -19.1     0.4     0.06 C   -12.7   -28.7   -20.5    92.1    76.6    83.2 -99.000 -99.000 -99.000 -99.000 -99.000 -9999.0 -9999.0 -9999.0 -9999.0 -9999.0
96408 20161127  2.515 -150.87   63.45   -19.4   -24.0   -21.7   -21.2     1.1     0.04 C   -19.6   -23.4   -20.5    81.3    77.8    79.8 -99.000 -99.000 -99.000 -99.000 -99.000 -9999.0 -9999.0 -9999.0 -9999.0 -9999.0
96408 20161128  2.515 -150.87   63.45   -19.4   -26.9   -23.2   -23.1     0.0     0.38 C   -20.1   -35.5   -29.9    81.6    74.2    78.1 -99.000 -99.000 -99.000 -99.000 -99.000 -9999.0 -9999.0 -9999.0 -9999.0 -9999.0
96408 20161129  2.515 -150.87   63.45   -24.1   -34.9   -29.5   -31.2     0.0     0.28 C   -29.5   -42.2   -38.8    80.5    72.5    75.5 -99.000 -99.000 -99.000 -99.000 -99.000 -9999.0 -9999.0 -9999.0 -9999.0 -9999.0
96408 20161130  2.515 -150.87   63.45   -21.5   -33.6   -27.6   -28.1     0.0     0.06 C   -22.3   -40.7   -30.7    80.7    70.1    74.7 -99.000 -99.000 -99.000 -99.000 -99.000 -9999.0 -9999.0 -9999.0 -9999.0 -9999.0
96408 20161201  2.515 -150.87   63.45   -24.9   -31.8   -28.4   -27.4     0.0     0.08 C   -22.3   -32.7   -27.5    77.4    73.4    75.7 -99.000 -99.000 -99.000 -99.000 -99.000 -9999.0 -9999.0 -9999.0 -9999.0 -9999.0
96408 20161202  2.515 -150.87   63.45   -21.7   -25.2   -23.5   -22.9     0.8     0.03 C   -21.6   -25.1   -22.7    80.6    74.9    77.9 -99.000 -99.000 -99.000 -99.000 -99.000 -9999.0 -9999.0 -9999.0 -9999.0 -9999.0
96408 20161203  2.515 -150.87   63.45   -22.5   -26.7   -24.6   -24.3     0.5     0.03 C   -22.5   -34.2   -27.4    80.0    67.3    75.4 -99.000 -99.000 -99.000 -99.000 -99.000 -9999.0 -9999.0 -9999.0 -9999.0 -9999.0
96408 20161204  2.515 -150.87   63.45   -21.6   -31.6   -26.6   -24.5     0.0     0.02 C   -21.7   -35.9   -27.6    82.3    65.5    70.9 -99.000 -99.000 -99.000 -99.000 -99.000 -9999.0 -9999.0 -9999.0 -9999.0 -9999.0
96408 20161205  2.515 -150.87   63.45   -17.8   -30.7   -24.3   -25.2     0.0     0.06 C   -23.0   -36.1   -31.0    82.0    61.8    73.7 -99.000 -99.000 -99.000 -99.000 -99.000 -9999.0 -9999.0 -9999.0 -9999.0 -9999.0
96408 20161206  2.515 -150.87   63.45   -17.6   -29.7   -23.6   -23.1     0.0     0.04 C   -21.6   -33.7   -29.4    82.1    65.1    76.1 -99.000 -99.000 -99.000 -99.000 -99.000 -9999.0 -9999.0 -9999.0 -9999.0 -9999.0
96408 20161207  2.515 -150.87   63.45   -18.0   -29.1   -23.5   -20.8     0.0     0.04 C   -21.5   -33.9   -25.0    81.7    59.7    67.7 -99.000 -99.000 -99.000 -99.000 -99.000 -9999.0 -9999.0 -9999.0 -9999.0 -9999.0
96408 20161208  2.515 -150.87   63.45   -22.7   -30.5   -26.6   -27.7     0.0     0.03 C   -26.8   -34.3   -32.1    81.8    74.2    77.6 -99.000 -99.000 -99.000 -99.000 -99.000 -9999.0 -9999.0 -9999.0 -9999.0 -9999.0
96408 20161209  2.515 -150.87   63.45   -11.5   -29.5   -20.5   -23.2     0.0     0.02 C   -18.6   -33.4   -28.0    89.1    66.6    78.0 -99.000 -99.000 -99.000 -99.000 -99.000 -9999.0 -9999.0 -9999.0 -9999.0 -9999.0
96408 20161210  2.515 -150.87   63.45    -7.5   -26.3   -16.9   -14.2     0.0     0.03 C   -12.3   -27.3   -21.7    77.8    32.7    51.7 -99.000 -99.000 -99.000 -99.000 -99.000 -9999.0 -9999.0 -9999.0 -9999.0 -9999.0
96408 20161211  2.515 -150.87   63.45    -6.9   -14.1   -10.5    -9.3     0.0     0.03 C   -15.2   -24.7   -20.0    54.3    28.5    37.7 -99.000 -99.000 -99.000 -99.000 -99.000 -9999.0 -9999.0 -9999.0 -9999.0 -9999.0
96408 20161212  2.515 -150.87   63.45    -7.5   -12.7   -10.1   -10.1     0.0     0.03 C   -17.3   -25.4   -21.5    53.3    37.1    44.4 -99.000 -99.000 -99.000 -99.000 -99.000 -9999.0 -9999.0 -9999.0 -9999.0 -9999.0
96408 20161213  2.515 -150.87   63.45    -9.1   -15.1   -12.1   -11.7     0.0     0.15 C   -14.8   -26.6   -20.5    66.1    38.7    49.4 -99.000 -99.000 -99.000 -99.000 -99.000 -9999.0 -9999.0 -9999.0 -9999.0 -9999.0
96408 20161214  2.515 -150.87   63.45    -2.6   -12.4    -7.5    -7.1     0.0     0.07 C    -6.6   -19.5   -13.4    67.5    35.9    51.1 -99.000 -99.000 -99.000 -99.000 -99.000 -9999.0 -9999.0 -9999.0 -9999.0 -9999.0
96408 20161215  2.515 -150.87   63.45    -1.7    -5.5    -3.6    -3.2     0.0     0.07 C    -4.2    -8.1    -5.9    79.7    36.7    59.4 -99.000 -99.000 -99.000 -99.000 -99.000 -9999.0 -9999.0 -9999.0 -9999.0 -9999.0
96408 20161216  2.515 -150.87   63.45     1.0    -8.4    -3.7    -3.5     0.0     0.13 C    -5.7   -17.0    -9.6    84.9    43.9    59.7 -99.000 -99.000 -99.000 -99.000 -99.000 -9999.0 -9999.0 -9999.0 -9999.0 -9999.0
96408 20161217  2.515 -150.87   63.45    -2.7    -9.4    -6.0    -5.4     2.5     0.02 C    -5.6   -15.8    -7.9    94.6    52.7    81.1 -99.000 -99.000 -99.000 -99.000 -99.000 -9999.0 -9999.0 -9999.0 -9999.0 -9999.0
96408 20161218  2.515 -150.87   63.45    -5.5   -21.9   -13.7   -10.1     0.0     0.00 C    -6.7   -26.2   -15.8    93.3    54.4    73.8 -99.000 -99.000 -99.000 -99.000 -99.000 -9999.0 -9999.0 -9999.0 -9999.0 -9999.0
96408 20161219  2.515 -150.87   63.45    -5.9   -21.2   -13.6    -9.4     0.0     0.21 C    -9.1   -27.3   -14.4    90.2    52.0    64.3 -99.000 -99.000 -99.000 -99.000 -99.000 -9999.0 -9999.0 -9999.0 -9999.0 -9999.0
96408 20161220  2.515 -150.87   63.45    -7.4   -11.7    -9.6    -9.1     0.6     0.09 C    -8.9   -22.7   -14.4    92.4    59.5    79.3 -99.000 -99.000 -99.000 -99.000 -99.000 -9999.0 -9999.0 -9999.0 -9999.0 -9999.0
96408 20161221  2.515 -150.87   63.45    -9.5   -17.7   -13.6   -15.4     0.9     0.07 C   -10.4   -25.1   -17.1    91.0    81.0    84.8 -99.000 -99.000 -99.000 -99.000 -99.000 -9999.0 -9999.0 -9999.0 -9999.0 -9999.0
96408 20161222  2.515 -150.87   63.45   -11.7   -22.6   -17.2   -17.3     0.0     0.00 C   -12.9   -26.3   -19.0    84.1    71.9    81.1 -99.000 -99.000 -99.000 -99.000 -99.000 -9999.0 -9999.0 -9999.0 -9999.0 -9999.0
96408 20161223  2.515 -150.87   63.45    -7.5   -12.1    -9.8    -9.6     1.5     0.02 C    -8.6   -23.9   -14.1    90.2    67.2    83.1 -99.000 -99.000 -99.000 -99.000 -99.000 -9999.0 -9999.0 -9999.0 -9999.0 -9999.0
96408 20161224  2.515 -150.87   63.45    -3.4   -13.9    -8.6    -7.2     0.0     0.06 C    -8.8   -20.1   -12.0    78.5    41.1    55.7 -99.000 -99.000 -99.000 -99.000 -99.000 -9999.0 -9999.0 -9999.0 -9999.0 -9999.0
96408 20161225  2.515 -150.87   63.45     0.0   -10.4    -5.2    -3.4     0.0     0.15 C    -6.1   -19.0   -10.4    67.8    42.1    51.9 -99.000 -99.000 -99.000 -99.000 -99.000 -9999.0 -9999.0 -9999.0 -9999.0 -9999.0
96408 20161226  2.515 -150.87   63.45    -0.6   -18.5    -9.5    -8.1     0.0     0.10 C    -8.1   -23.1   -17.3    87.2    44.5    66.8 -99.000 -99.000 -99.000 -99.000 -99.000 -9999.0 -9999.0 -9999.0 -9999.0 -9999.0
96408 20161227  2.515 -150.87   63.45    -6.8   -13.5   -10.1    -9.3     2.9     0.03 C    -7.8   -21.0   -10.3    91.6    71.5    86.9 -99.000 -99.000 -99.000 -99.000 -99.000 -9999.0 -9999.0 -9999.0 -9999.0 -9999.0
96408 20161228  2.515 -150.87   63.45    -6.9   -19.1   -13.0   -14.7     4.6     0.06 C    -7.9   -31.5   -16.8    91.2    74.6    82.0 -99.000 -99.000 -99.000 -99.000 -99.000 -9999.0 -9999.0 -9999.0 -9999.0 -9999.0
96408 20161229  2.515 -150.87   63.45     1.3   -21.7   -10.2    -8.3     8.4     0.00 C    -0.9   -32.3   -10.3    96.3    46.5    77.1 -99.000 -99.000 -99.000 -99.000 -99.000 -9999.0 -9999.0 -9999.0 -9999.0 -9999.0
96408 20161230  2.515 -150.87   63.45    -2.0    -5.5    -3.8    -4.1     2.2     0.02 C    -1.5    -7.6    -5.6    91.2    60.4    74.4 -99.000 -99.000 -99.000 -99.000 -99.000 -9999.0 -9999.0 -9999.0 -9999.0 -9999.0
96408 20161231  2.515 -150.87   63.45     3.0    -6.4    -1.7    -2.0     0.0     0.18 C    -3.5   -16.2    -7.3    76.4    20.6    50.1 -99.000 -99.000 -99.000 -99.000 -99.000 -9999.0 -9999.0 -9999.0 -9999.0 -9999.0
