26565 20170101  2.514 -148.46   70.16 -9999.0 -9999.0 -9999.0 -9999.0     0.2 -9999.00 U -9999.0 -9999.0 -9999.0    98.1    78.1    85.4 -99.000 -99.000 -99.000 -99.000 -99.000 -9999.0 -9999.0 -9999.0 -9999.0 -9999.0
26565 20170102  2.514 -148.46   70.16 -9999.0 -9999.0 -9999.0 -9999.0     0.3 -9999.00 U -9999.0 -9999.0 -9999.0    95.1    73.8    85.8 -99.000 -99.000 -99.000 -99.000 -99.000 -9999.0 -9999.0 -9999.0 -9999.0 -9999.0
26565 20170103  2.514 -148.46   70.16 -9999.0 -9999.0 -9999.0 -9999.0 -9999.0 -9999.00 U -9999.0 -9999.0 -9999.0 -9999.0 -9999.0 -9999.0 -99.000 -99.000 -99.000 -99.000 -99.000 -9999.0 -9999.0 -9999.0 -9999.0 -9999.0
26565 20170104  2.514 -148.46   70.16 -9999.0 -9999.0 -9999.0 -9999.0 -9999.0 -9999.00 U -9999.0 -9999.0 -9999.0 -9999.0 -9999.0 -9999.0 -99.000 -99.000 -99.000 -99.000 -99.000 -9999.0 -9999.0 -9999.0 -9999.0 -9999.0
26565 20170105  2.514 -148.46   70.16 -9999.0 -9999.0 -9999.0 -9999.0     4.5 -9999.00 U -9999.0 -9999.0 -9999.0    89.2    68.0    80.7 -99.000 -99.000 -99.000 -99.000 -99.000 -9999.0 -9999.0 -9999.0 -9999.0 -9999.0
26565 20170106  2.514 -148.46   70.16 -9999.0 -9999.0 -9999.0 -9999.0     0.0 -9999.00 U -9999.0 -9999.0 -9999.0    79.3    67.2    72.9 -99.000 -99.000 -99.000 -99.000 -99.000 -9999.0 -9999.0 -9999.0 -9999.0 -9999.0
26565 20170107  2.514 -148.46   70.16 -9999.0 -9999.0 -9999.0 -9999.0     0.0 -9999.00 U -9999.0 -9999.0 -9999.0    95.0    82.2    89.6 -99.000 -99.000 -99.000 -99.000 -99.000 -9999.0 -9999.0 -9999.0 -9999.0 -9999.0
26565 20170108  2.514 -148.46   70.16 -9999.0 -9999.0 -9999.0 -9999.0     0.0 -9999.00 U -9999.0 -9999.0 -9999.0    96.6    84.6    92.8 -99.000 -99.000 -99.000 -99.000 -99.000 -9999.0 -9999.0 -9999.0 -9999.0 -9999.0
26565 20170109  2.514 -148.46   70.16 -9999.0 -9999.0 -9999.0 -9999.0     0.0 -9999.00 U -9999.0 -9999.0 -9999.0    91.7    78.1    83.7 -99.000 -99.000 -99.000 -99.000 -99.000 -9999.0 -9999.0 -9999.0 -9999.0 -9999.0
26565 20170110  2.514 -148.46   70.16 -9999.0 -9999.0 -9999.0 -9999.0     0.0 -9999.00 U -9999.0 -9999.0 -9999.0    90.5    72.4    78.4 -99.000 -99.000 -99.000 -99.000 -99.000 -9999.0 -9999.0 -9999.0 -9999.0 -9999.0
26565 20170111  2.514 -148.46   70.16 -9999.0 -9999.0 -9999.0 -9999.0     0.7 -9999.00 U -9999.0 -9999.0 -9999.0    94.1    78.4    88.3 -99.000 -99.000 -99.000 -99.000 -99.000 -9999.0 -9999.0 -9999.0 -9999.0 -9999.0
26565 20170112  2.514 -148.46   70.16 -9999.0 -9999.0 -9999.0 -9999.0     0.0 -9999.00 U -9999.0 -9999.0 -9999.0    79.4    69.0    73.8 -99.000 -99.000 -99.000 -99.000 -99.000 -9999.0 -9999.0 -9999.0 -9999.0 -9999.0
26565 20170113  2.514 -148.46   70.16 -9999.0 -9999.0 -9999.0 -9999.0     3.5 -9999.00 U -9999.0 -9999.0 -9999.0    79.0    69.3    73.0 -99.000 -99.000 -99.000 -99.000 -99.000 -9999.0 -9999.0 -9999.0 -9999.0 -9999.0
26565 20170114  2.514 -148.46   70.16 -9999.0 -9999.0 -9999.0 -9999.0     0.0 -9999.00 U -9999.0 -9999.0 -9999.0    78.4    73.5    75.1 -99.000 -99.000 -99.000 -99.000 -99.000 -9999.0 -9999.0 -9999.0 -9999.0 -9999.0
26565 20170115  2.514 -148.46   70.16 -9999.0 -9999.0 -9999.0 -9999.0     0.3 -9999.00 U -9999.0 -9999.0 -9999.0    75.6    66.2    71.6 -99.000 -99.000 -99.000 -99.000 -99.000 -9999.0 -9999.0 -9999.0 -9999.0 -9999.0
26565 20170116  2.514 -148.46   70.16 -9999.0 -9999.0 -9999.0 -9999.0     0.0 -9999.00 U -9999.0 -9999.0 -9999.0    74.0    66.3    69.4 -99.000 -99.000 -99.000 -99.000 -99.000 -9999.0 -9999.0 -9999.0 -9999.0 -9999.0
26565 20170117  2.514 -148.46   70.16 -9999.0 -9999.0 -9999.0 -9999.0     1.2 -9999.00 U -9999.0 -9999.0 -9999.0    74.5    71.2    73.2 -99.000 -99.000 -99.000 -99.000 -99.000 -9999.0 -9999.0 -9999.0 -9999.0 -9999.0
26565 20170118  2.514 -148.46   70.16 -9999.0 -9999.0 -9999.0 -9999.0     0.0 -9999.00 U -9999.0 -9999.0 -9999.0    72.0    67.8    69.9 -99.000 -99.000 -99.000 -99.000 -99.000 -9999.0 -9999.0 -9999.0 -9999.0 -9999.0
26565 20170119  2.514 -148.46   70.16 -9999.0 -9999.0 -9999.0 -9999.0     0.0 -9999.00 U -9999.0 -9999.0 -9999.0    68.5    66.0    67.5 -99.000 -99.000 -99.000 -99.000 -99.000 -9999.0 -9999.0 -9999.0 -9999.0 -9999.0
26565 20170120  2.514 -148.46   70.16 -9999.0 -9999.0 -9999.0 -9999.0     0.0 -9999.00 U -9999.0 -9999.0 -9999.0    71.0    66.1    67.7 -99.000 -99.000 -99.000 -99.000 -99.000 -9999.0 -9999.0 -9999.0 -9999.0 -9999.0
26565 20170121  2.514 -148.46   70.16 -9999.0 -9999.0 -9999.0 -9999.0     0.0 -9999.00 U -9999.0 -9999.0 -9999.0    73.5    68.1    70.7 -99.000 -99.000 -99.000 -99.000 -99.000 -9999.0 -9999.0 -9999.0 -9999.0 -9999.0
26565 20170122  2.514 -148.46   70.16 -9999.0 -9999.0 -9999.0 -9999.0     0.0 -9999.00 U -9999.0 -9999.0 -9999.0    70.3    67.3    68.6 -99.000 -99.000 -99.000 -99.000 -99.000 -9999.0 -9999.0 -9999.0 -9999.0 -9999.0
26565 20170123  2.514 -148.46   70.16 -9999.0 -9999.0 -9999.0 -9999.0     0.0 -9999.00 U -9999.0 -9999.0 -9999.0    70.8    67.4    68.9 -99.000 -99.000 -99.000 -99.000 -99.000 -9999.0 -9999.0 -9999.0 -9999.0 -9999.0
26565 20170124  2.514 -148.46   70.16 -9999.0 -9999.0 -9999.0 -9999.0     0.0 -9999.00 U -9999.0 -9999.0 -9999.0    70.8    66.8    68.7 -99.000 -99.000 -99.000 -99.000 -99.000 -9999.0 -9999.0 -9999.0 -9999.0 -9999.0
26565 20170125  2.514 -148.46   70.16 -9999.0 -9999.0 -9999.0 -9999.0     0.0 -9999.00 U -9999.0 -9999.0 -9999.0    79.2    68.7    75.0 -99.000 -99.000 -99.000 -99.000 -99.000 -9999.0 -9999.0 -9999.0 -9999.0 -9999.0
26565 20170126  2.514 -148.46   70.16 -9999.0 -9999.0 -9999.0 -9999.0     0.0 -9999.00 U -9999.0 -9999.0 -9999.0    81.5    73.7    79.2 -99.000 -99.000 -99.000 -99.000 -99.000 -9999.0 -9999.0 -9999.0 -9999.0 -9999.0
26565 20170127  2.514 -148.46   70.16 -9999.0 -9999.0 -9999.0 -9999.0     0.0 -9999.00 U -9999.0 -9999.0 -9999.0    85.2    77.3    81.4 -99.000 -99.000 -99.000 -99.000 -99.000 -9999.0 -9999.0 -9999.0 -9999.0 -9999.0
26565 20170128  2.514 -148.46   70.16 -9999.0 -9999.0 -9999.0 -9999.0     0.0 -9999.00 U -9999.0 -9999.0 -9999.0    88.2    74.2    78.1 -99.000 -99.000 -99.000 -99.000 -99.000 -9999.0 -9999.0 -9999.0 -9999.0 -9999.0
26565 20170129  2.514 -148.46   70.16 -9999.0 -9999.0 -9999.0 -9999.0     0.0 -9999.00 U -9999.0 -9999.0 -9999.0    89.4    74.4    81.6 -99.000 -99.000 -99.000 -99.000 -99.000 -9999.0 -9999.0 -9999.0 -9999.0 -9999.0
26565 20170130  2.514 -148.46   70.16 -9999.0 -9999.0 -9999.0 -9999.0     0.0 -9999.00 U -9999.0 -9999.0 -9999.0    85.7    72.1    78.6 -99.000 -99.000 -99.000 -99.000 -99.000 -9999.0 -9999.0 -9999.0 -9999.0 -9999.0
26565 20170131  2.514 -148.46   70.16 -9999.0 -9999.0 -9999.0 -9999.0 -9999.0 -9999.00 U -9999.0 -9999.0 -9999.0 -9999.0 -9999.0 -9999.0 -99.000 -99.000 -99.000 -99.000 -99.000 -9999.0 -9999.0 -9999.0 -9999.0 -9999.0
26565 20170201  2.514 -148.46   70.16    -8.3   -16.9   -12.6   -12.6 -9999.0     0.43 C    -9.7   -18.6   -14.3    88.2    80.1    83.8 -99.000 -99.000 -99.000 -99.000 -99.000 -9999.0 -9999.0 -9999.0 -9999.0 -9999.0
26565 20170202  2.514 -148.46   70.16    -3.7   -13.7    -8.7    -7.2 -9999.0     0.25 C    -5.8   -14.6    -9.1    85.4    63.3    74.2 -99.000 -99.000 -99.000 -99.000 -99.000 -9999.0 -9999.0 -9999.0 -9999.0 -9999.0
26565 20170203  2.514 -148.46   70.16    -7.3   -17.1   -12.2   -12.9 -9999.0     0.83 C   -10.6   -19.0   -15.1    75.2    65.8    72.2 -99.000 -99.000 -99.000 -99.000 -99.000 -9999.0 -9999.0 -9999.0 -9999.0 -9999.0
26565 20170204  2.514 -148.46   70.16   -14.9   -21.2   -18.1   -18.7 -9999.0     0.63 C   -16.3   -21.6   -19.5    93.0    73.9    78.7 -99.000 -99.000 -99.000 -99.000 -99.000 -9999.0 -9999.0 -9999.0 -9999.0 -9999.0
26565 20170205  2.514 -148.46   70.16   -18.2   -23.7   -21.0   -20.8 -9999.0     0.63 C   -18.5   -23.7   -20.8    84.4    78.6    81.2 -99.000 -99.000 -99.000 -99.000 -99.000 -9999.0 -9999.0 -9999.0 -9999.0 -9999.0
26565 20170206  2.514 -148.46   70.16   -14.8   -19.8   -17.3   -16.9 -9999.0     0.31 C   -15.0   -20.3   -17.1    85.6    80.6    83.6 -99.000 -99.000 -99.000 -99.000 -99.000 -9999.0 -9999.0 -9999.0 -9999.0 -9999.0
26565 20170207  2.514 -148.46   70.16   -14.4   -21.7   -18.1   -19.7 -9999.0     0.29 C   -15.1   -22.0   -19.9    85.6    78.5    80.7 -99.000 -99.000 -99.000 -99.000 -99.000 -9999.0 -9999.0 -9999.0 -9999.0 -9999.0
26565 20170208  2.514 -148.46   70.16   -17.0   -27.0   -22.0   -23.7 -9999.0     0.56 C   -17.5   -28.3   -24.4    82.8    74.5    77.1 -99.000 -99.000 -99.000 -99.000 -99.000 -9999.0 -9999.0 -9999.0 -9999.0 -9999.0
26565 20170209  2.514 -148.46   70.16   -23.6   -37.6   -30.6   -29.5 -9999.0     0.78 C   -24.0   -38.9   -30.7    77.9    68.0    73.7 -99.000 -99.000 -99.000 -99.000 -99.000 -9999.0 -9999.0 -9999.0 -9999.0 -9999.0
26565 20170210  2.514 -148.46   70.16   -25.9   -37.2   -31.5   -29.5 -9999.0     0.78 C   -26.6   -38.0   -30.1    76.0    68.1    72.7 -99.000 -99.000 -99.000 -99.000 -99.000 -9999.0 -9999.0 -9999.0 -9999.0 -9999.0
26565 20170211  2.514 -148.46   70.16   -21.9   -30.4   -26.1   -25.8 -9999.0     0.95 C   -23.2   -33.3   -27.9    79.8    71.8    76.2 -99.000 -99.000 -99.000 -99.000 -99.000 -9999.0 -9999.0 -9999.0 -9999.0 -9999.0
26565 20170212  2.514 -148.46   70.16   -26.7   -32.8   -29.7   -29.8 -9999.0     1.58 C   -27.9   -34.5   -31.5    76.0    71.4    73.4 -99.000 -99.000 -99.000 -99.000 -99.000 -9999.0 -9999.0 -9999.0 -9999.0 -9999.0
26565 20170213  2.514 -148.46   70.16   -30.3   -38.9   -34.6   -35.8 -9999.0     1.91 C   -30.9   -39.9   -37.3    73.8    67.3    69.6 -99.000 -99.000 -99.000 -99.000 -99.000 -9999.0 -9999.0 -9999.0 -9999.0 -9999.0
26565 20170214  2.514 -148.46   70.16   -25.2   -31.7   -28.4   -27.6 -9999.0     0.69 C   -25.2   -33.0   -27.7    77.0    71.8    74.8 -99.000 -99.000 -99.000 -99.000 -99.000 -9999.0 -9999.0 -9999.0 -9999.0 -9999.0
26565 20170215  2.514 -148.46   70.16   -22.3   -26.0   -24.2   -24.1 -9999.0     1.03 C   -22.5   -26.2   -24.2    79.2    75.9    77.8 -99.000 -99.000 -99.000 -99.000 -99.000 -9999.0 -9999.0 -9999.0 -9999.0 -9999.0
26565 20170216  2.514 -148.46   70.16   -21.8   -28.3   -25.1   -22.9 -9999.0     1.09 C   -22.0   -30.6   -23.3    79.8    74.2    78.9 -99.000 -99.000 -99.000 -99.000 -99.000 -9999.0 -9999.0 -9999.0 -9999.0 -9999.0
26565 20170217  2.514 -148.46   70.16   -24.8   -38.1   -31.4   -31.4 -9999.0     1.98 C   -25.4   -40.2   -32.5    77.5    68.1    72.8 -99.000 -99.000 -99.000 -99.000 -99.000 -9999.0 -9999.0 -9999.0 -9999.0 -9999.0
26565 20170218  2.514 -148.46   70.16   -24.2   -32.3   -28.3   -28.0 -9999.0     2.30 C   -24.1   -33.6   -28.8    77.7    71.3    74.8 -99.000 -99.000 -99.000 -99.000 -99.000 -9999.0 -9999.0 -9999.0 -9999.0 -9999.0
26565 20170219  2.514 -148.46   70.16   -30.1   -35.1   -32.6   -32.1 -9999.0     1.85 C   -30.7   -36.4   -33.0    73.5    68.8    71.6 -99.000 -99.000 -99.000 -99.000 -99.000 -9999.0 -9999.0 -9999.0 -9999.0 -9999.0
26565 20170220  2.514 -148.46   70.16   -26.7   -31.2   -28.9   -29.0 -9999.0     1.84 C   -26.9   -31.7   -29.6    76.0    71.8    73.7 -99.000 -99.000 -99.000 -99.000 -99.000 -9999.0 -9999.0 -9999.0 -9999.0 -9999.0
26565 20170221  2.514 -148.46   70.16   -25.1   -32.7   -28.9   -27.6 -9999.0     2.28 C   -25.5   -34.1   -28.5    77.6    71.3    74.1 -99.000 -99.000 -99.000 -99.000 -99.000 -9999.0 -9999.0 -9999.0 -9999.0 -9999.0
26565 20170222  2.514 -148.46   70.16   -32.0   -38.1   -35.0   -35.4 -9999.0     3.31 C   -32.9   -39.6   -37.1    72.2    68.5    69.8 -99.000 -99.000 -99.000 -99.000 -99.000 -9999.0 -9999.0 -9999.0 -9999.0 -9999.0
26565 20170223  2.514 -148.46   70.16   -21.5   -36.8   -29.1   -28.3 -9999.0     1.59 C   -21.5   -38.6   -29.0    79.3    68.7    74.2 -99.000 -99.000 -99.000 -99.000 -99.000 -9999.0 -9999.0 -9999.0 -9999.0 -9999.0
26565 20170224  2.514 -148.46   70.16   -18.2   -22.1   -20.2   -19.9 -9999.0     2.02 C   -18.0   -22.5   -20.1    81.8    77.5    79.9 -99.000 -99.000 -99.000 -99.000 -99.000 -9999.0 -9999.0 -9999.0 -9999.0 -9999.0
26565 20170225  2.514 -148.46   70.16   -22.1   -27.6   -24.9   -25.1 -9999.0     1.80 C   -22.5   -29.4   -25.4    77.9    74.5    75.8 -99.000 -99.000 -99.000 -99.000 -99.000 -9999.0 -9999.0 -9999.0 -9999.0 -9999.0
26565 20170226  2.514 -148.46   70.16   -22.2   -24.3   -23.3   -23.3 -9999.0     2.05 C   -22.3   -24.7   -23.4    78.6    75.5    77.4 -99.000 -99.000 -99.000 -99.000 -99.000 -9999.0 -9999.0 -9999.0 -9999.0 -9999.0
26565 20170227  2.514 -148.46   70.16   -24.3   -33.6   -29.0   -29.2 -9999.0     3.39 C   -24.6   -34.3   -29.4    77.0    71.7    74.8 -99.000 -99.000 -99.000 -99.000 -99.000 -9999.0 -9999.0 -9999.0 -9999.0 -9999.0
26565 20170228  2.514 -148.46   70.16   -27.6   -32.7   -30.2   -30.1 -9999.0     3.03 C   -27.7   -33.5   -30.5    74.6    71.3    72.9 -99.000 -99.000 -99.000 -99.000 -99.000 -9999.0 -9999.0 -9999.0 -9999.0 -9999.0
26565 20170301  2.514 -148.46   70.16   -20.6   -31.7   -26.2   -27.1 -9999.0     3.60 C   -21.3   -32.6   -27.9    78.4    65.6    71.7 -99.000 -99.000 -99.000 -99.000 -99.000 -9999.0 -9999.0 -9999.0 -9999.0 -9999.0
26565 20170302  2.514 -148.46   70.16   -22.1   -25.5   -23.8   -23.6 -9999.0     2.64 C   -22.5   -26.4   -24.0    78.3    74.5    76.8 -99.000 -99.000 -99.000 -99.000 -99.000 -9999.0 -9999.0 -9999.0 -9999.0 -9999.0
26565 20170303  2.514 -148.46   70.16   -19.3   -22.7   -21.0   -20.9 -9999.0     3.83 C   -19.7   -23.0   -21.4    80.8    75.9    78.5 -99.000 -99.000 -99.000 -99.000 -99.000 -9999.0 -9999.0 -9999.0 -9999.0 -9999.0
26565 20170304  2.514 -148.46   70.16   -18.9   -35.6   -27.3   -25.6 -9999.0     3.47 C   -19.4   -37.3   -26.3    81.0    72.8    76.9 -99.000 -99.000 -99.000 -99.000 -99.000 -9999.0 -9999.0 -9999.0 -9999.0 -9999.0
26565 20170305  2.514 -148.46   70.16   -26.6   -37.6   -32.1   -30.7 -9999.0     3.80 C   -27.2   -38.6   -31.4    74.9    70.6    72.9 -99.000 -99.000 -99.000 -99.000 -99.000 -9999.0 -9999.0 -9999.0 -9999.0 -9999.0
26565 20170306  2.514 -148.46   70.16   -27.6   -30.9   -29.3   -28.9 -9999.0     4.73 C   -28.1   -31.5   -29.6    74.1    71.4    72.8 -99.000 -99.000 -99.000 -99.000 -99.000 -9999.0 -9999.0 -9999.0 -9999.0 -9999.0
26565 20170307  2.514 -148.46   70.16   -24.3   -28.5   -26.4   -26.5 -9999.0     3.96 C   -24.6   -29.9   -27.5    76.0    72.9    74.5 -99.000 -99.000 -99.000 -99.000 -99.000 -9999.0 -9999.0 -9999.0 -9999.0 -9999.0
26565 20170308  2.514 -148.46   70.16   -24.3   -30.0   -27.1   -28.0 -9999.0     6.31 C   -26.3   -31.6   -29.3    77.9    72.7    74.5 -99.000 -99.000 -99.000 -99.000 -99.000 -9999.0 -9999.0 -9999.0 -9999.0 -9999.0
26565 20170309  2.514 -148.46   70.16    -7.3   -24.2   -15.8   -10.8 -9999.0     2.98 C    -7.9   -26.3   -11.8    92.4    69.7    83.3 -99.000 -99.000 -99.000 -99.000 -99.000 -9999.0 -9999.0 -9999.0 -9999.0 -9999.0
26565 20170310  2.514 -148.46   70.16    -5.5    -7.8    -6.7    -6.8 -9999.0     3.36 C    -5.8    -8.4    -7.4    93.4    78.4    88.7 -99.000 -99.000 -99.000 -99.000 -99.000 -9999.0 -9999.0 -9999.0 -9999.0 -9999.0
26565 20170311  2.514 -148.46   70.16    -3.6   -15.4    -9.5    -7.4 -9999.0     3.85 C    -4.2   -17.8    -8.5    94.6    85.7    90.6 -99.000 -99.000 -99.000 -99.000 -99.000 -9999.0 -9999.0 -9999.0 -9999.0 -9999.0
26565 20170312  2.514 -148.46   70.16   -14.4   -27.2   -20.8   -18.0 -9999.0     4.62 C   -13.9   -29.6   -19.4    87.9    77.1    84.8 -99.000 -99.000 -99.000 -99.000 -99.000 -9999.0 -9999.0 -9999.0 -9999.0 -9999.0
26565 20170313  2.514 -148.46   70.16   -23.8   -29.5   -26.7   -26.8 -9999.0     7.49 C   -25.1   -32.1   -28.9    77.2    71.3    73.9 -99.000 -99.000 -99.000 -99.000 -99.000 -9999.0 -9999.0 -9999.0 -9999.0 -9999.0
26565 20170314  2.514 -148.46   70.16   -21.5   -28.4   -25.0   -24.6 -9999.0     6.43 C   -22.4   -30.4   -26.1    75.3    69.1    73.0 -99.000 -99.000 -99.000 -99.000 -99.000 -9999.0 -9999.0 -9999.0 -9999.0 -9999.0
26565 20170315  2.514 -148.46   70.16   -25.9   -33.0   -29.5   -28.6 -9999.0     7.30 C   -27.3   -35.2   -30.5    75.0    68.8    72.8 -99.000 -99.000 -99.000 -99.000 -99.000 -9999.0 -9999.0 -9999.0 -9999.0 -9999.0
26565 20170316  2.514 -148.46   70.16   -26.7   -33.6   -30.2   -31.1 -9999.0     8.50 C   -28.3   -36.5   -33.2    74.0    67.7    71.0 -99.000 -99.000 -99.000 -99.000 -99.000 -9999.0 -9999.0 -9999.0 -9999.0 -9999.0
26565 20170317  2.514 -148.46   70.16   -25.9   -35.7   -30.8   -31.0 -9999.0     8.91 C   -26.9   -38.2   -33.6    82.0    67.3    72.6 -99.000 -99.000 -99.000 -99.000 -99.000 -9999.0 -9999.0 -9999.0 -9999.0 -9999.0
26565 20170318  2.514 -148.46   70.16   -27.5   -36.6   -32.0   -32.9 -9999.0     9.07 C   -28.5   -39.0   -34.9    81.4    69.6    73.2 -99.000 -99.000 -99.000 -99.000 -99.000 -9999.0 -9999.0 -9999.0 -9999.0 -9999.0
26565 20170319  2.514 -148.46   70.16   -28.6   -36.0   -32.3   -32.6 -9999.0     9.34 C   -28.2   -38.2   -34.4    74.7    68.2    72.0 -99.000 -99.000 -99.000 -99.000 -99.000 -9999.0 -9999.0 -9999.0 -9999.0 -9999.0
26565 20170320  2.514 -148.46   70.16   -16.1   -34.4   -25.2   -24.5 -9999.0     6.98 C   -16.6   -36.3   -25.8    84.4    70.0    77.4 -99.000 -99.000 -99.000 -99.000 -99.000 -9999.0 -9999.0 -9999.0 -9999.0 -9999.0
26565 20170321  2.514 -148.46   70.16   -15.0   -23.9   -19.5   -17.3 -9999.0     8.36 C   -15.8   -26.7   -18.4    84.8    73.9    80.8 -99.000 -99.000 -99.000 -99.000 -99.000 -9999.0 -9999.0 -9999.0 -9999.0 -9999.0
26565 20170322  2.514 -148.46   70.16   -19.1   -27.8   -23.5   -23.3 -9999.0    10.21 C   -20.6   -29.5   -25.4    79.4    71.0    74.6 -99.000 -99.000 -99.000 -99.000 -99.000 -9999.0 -9999.0 -9999.0 -9999.0 -9999.0
26565 20170323  2.514 -148.46   70.16   -13.8   -22.8   -18.3   -17.8 -9999.0     9.33 C   -15.0   -25.4   -19.4    85.7    75.8    81.8 -99.000 -99.000 -99.000 -99.000 -99.000 -9999.0 -9999.0 -9999.0 -9999.0 -9999.0
26565 20170324  2.514 -148.46   70.16   -14.8   -19.0   -16.9   -16.7 -9999.0     8.12 C   -15.9   -21.0   -17.8    84.6    79.3    81.6 -99.000 -99.000 -99.000 -99.000 -99.000 -9999.0 -9999.0 -9999.0 -9999.0 -9999.0
26565 20170325  2.514 -148.46   70.16   -17.4   -23.5   -20.5   -20.4 -9999.0    10.91 C   -18.8   -25.6   -21.9    82.4    69.5    75.5 -99.000 -99.000 -99.000 -99.000 -99.000 -9999.0 -9999.0 -9999.0 -9999.0 -9999.0
26565 20170326  2.514 -148.46   70.16   -20.4   -26.1   -23.3   -22.5 -9999.0    10.78 C   -21.2   -28.5   -23.7    80.3    75.7    77.8 -99.000 -99.000 -99.000 -99.000 -99.000 -9999.0 -9999.0 -9999.0 -9999.0 -9999.0
26565 20170327  2.514 -148.46   70.16   -20.0   -24.9   -22.5   -22.5 -9999.0     9.60 C   -20.3   -26.6   -22.9    81.1    77.2    79.0 -99.000 -99.000 -99.000 -99.000 -99.000 -9999.0 -9999.0 -9999.0 -9999.0 -9999.0
26565 20170328  2.514 -148.46   70.16   -23.8   -28.4   -26.1   -26.0 -9999.0     9.95 C   -23.5   -30.3   -26.8    77.9    71.6    74.8 -99.000 -99.000 -99.000 -99.000 -99.000 -9999.0 -9999.0 -9999.0 -9999.0 -9999.0
26565 20170329  2.514 -148.46   70.16   -23.1   -26.3   -24.7   -24.4 -9999.0    10.77 C   -22.9   -28.3   -24.8    77.7    73.3    75.2 -99.000 -99.000 -99.000 -99.000 -99.000 -9999.0 -9999.0 -9999.0 -9999.0 -9999.0
26565 20170330  2.514 -148.46   70.16   -20.2   -29.7   -25.0   -23.3 -9999.0     9.70 C   -17.7   -31.1   -23.6    83.5    74.3    78.2 -99.000 -99.000 -99.000 -99.000 -99.000 -9999.0 -9999.0 -9999.0 -9999.0 -9999.0
26565 20170331  2.514 -148.46   70.16   -19.6   -31.0   -25.3   -22.5 -9999.0     9.70 C   -18.1   -32.5   -22.5    82.6    76.6    79.8 -99.000 -99.000 -99.000 -99.000 -99.000 -9999.0 -9999.0 -9999.0 -9999.0 -9999.0
26565 20170401  2.514 -148.46   70.16   -18.7   -32.3   -25.5   -26.9 -9999.0    12.43 C   -18.9   -33.6   -26.9    82.5    74.6    79.1 -99.000 -99.000 -99.000 -99.000 -99.000 -9999.0 -9999.0 -9999.0 -9999.0 -9999.0
26565 20170402  2.514 -148.46   70.16   -17.3   -19.8   -18.6   -18.5 -9999.0     8.17 C   -15.8   -20.6   -18.2    88.3    79.8    82.3 -99.000 -99.000 -99.000 -99.000 -99.000 -9999.0 -9999.0 -9999.0 -9999.0 -9999.0
26565 20170403  2.514 -148.46   70.16   -16.8   -21.1   -19.0   -19.0 -9999.0    12.07 C   -17.7   -22.5   -19.6    87.1    80.3    82.8 -99.000 -99.000 -99.000 -99.000 -99.000 -9999.0 -9999.0 -9999.0 -9999.0 -9999.0
26565 20170404  2.514 -148.46   70.16   -13.2   -22.7   -18.0   -17.4 -9999.0    11.95 C   -13.6   -24.4   -18.1    86.6    78.2    82.8 -99.000 -99.000 -99.000 -99.000 -99.000 -9999.0 -9999.0 -9999.0 -9999.0 -9999.0
26565 20170405  2.514 -148.46   70.16    -9.3   -14.2   -11.7   -12.2 -9999.0    12.55 C    -9.8   -14.9   -12.7    86.9    83.3    84.8 -99.000 -99.000 -99.000 -99.000 -99.000 -9999.0 -9999.0 -9999.0 -9999.0 -9999.0
26565 20170406  2.514 -148.46   70.16   -10.1   -15.6   -12.8   -13.2 -9999.0    14.05 C   -10.3   -16.0   -13.6    85.3    81.4    83.7 -99.000 -99.000 -99.000 -99.000 -99.000 -9999.0 -9999.0 -9999.0 -9999.0 -9999.0
26565 20170407  2.514 -148.46   70.16   -11.4   -17.1   -14.3   -14.7 -9999.0    14.95 C   -11.3   -17.5   -14.9    85.8    81.5    83.3 -99.000 -99.000 -99.000 -99.000 -99.000 -9999.0 -9999.0 -9999.0 -9999.0 -9999.0
26565 20170408  2.514 -148.46   70.16   -12.7   -19.5   -16.1   -15.5 -9999.0    13.21 C   -12.5   -19.9   -15.7    86.7    79.6    83.3 -99.000 -99.000 -99.000 -99.000 -99.000 -9999.0 -9999.0 -9999.0 -9999.0 -9999.0
26565 20170409  2.514 -148.46   70.16    -8.2   -23.0   -15.6   -14.9 -9999.0    11.43 C    -8.2   -22.0   -14.7    89.2    75.6    82.4 -99.000 -99.000 -99.000 -99.000 -99.000 -9999.0 -9999.0 -9999.0 -9999.0 -9999.0
26565 20170410  2.514 -148.46   70.16    -7.7   -20.9   -14.3   -13.9 -9999.0    13.35 C    -7.5   -22.6   -13.5    92.3    83.6    87.7 -99.000 -99.000 -99.000 -99.000 -99.000 -9999.0 -9999.0 -9999.0 -9999.0 -9999.0
26565 20170411  2.514 -148.46   70.16    -8.6   -16.5   -12.6   -12.1 -9999.0    15.49 C    -8.3   -17.0   -11.7    94.6    80.1    88.0 -99.000 -99.000 -99.000 -99.000 -99.000 -9999.0 -9999.0 -9999.0 -9999.0 -9999.0
26565 20170412  2.514 -148.46   70.16   -10.2   -17.6   -13.9   -12.3 -9999.0    12.89 C    -9.0   -18.6   -12.3    89.3    82.8    87.4 -99.000 -99.000 -99.000 -99.000 -99.000 -9999.0 -9999.0 -9999.0 -9999.0 -9999.0
26565 20170413  2.514 -148.46   70.16    -7.3   -11.5    -9.4    -9.7 -9999.0     9.66 C    -6.7   -12.0    -9.7    91.5    86.6    89.3 -99.000 -99.000 -99.000 -99.000 -99.000 -9999.0 -9999.0 -9999.0 -9999.0 -9999.0
26565 20170414  2.514 -148.46   70.16   -10.1   -13.4   -11.7   -11.7 -9999.0    16.34 C   -10.4   -13.8   -12.0    90.0    83.4    86.7 -99.000 -99.000 -99.000 -99.000 -99.000 -9999.0 -9999.0 -9999.0 -9999.0 -9999.0
26565 20170415  2.514 -148.46   70.16   -11.3   -14.8   -13.1   -13.1 -9999.0    17.03 C   -11.4   -15.3   -13.4    86.2    80.2    84.0 -99.000 -99.000 -99.000 -99.000 -99.000 -9999.0 -9999.0 -9999.0 -9999.0 -9999.0
26565 20170416  2.514 -148.46   70.16    -9.6   -15.8   -12.7   -12.7 -9999.0    17.12 C    -9.3   -16.1   -12.9    87.2    82.6    84.6 -99.000 -99.000 -99.000 -99.000 -99.000 -9999.0 -9999.0 -9999.0 -9999.0 -9999.0
26565 20170417  2.514 -148.46   70.16    -7.8   -17.0   -12.4   -12.1 -9999.0    18.13 C    -8.2   -19.5   -12.8    87.0    81.0    84.9 -99.000 -99.000 -99.000 -99.000 -99.000 -9999.0 -9999.0 -9999.0 -9999.0 -9999.0
26565 20170418  2.514 -148.46   70.16    -8.8   -20.3   -14.5   -14.6 -9999.0    18.96 C    -8.6   -23.1   -15.9    89.1    73.5    84.0 -99.000 -99.000 -99.000 -99.000 -99.000 -9999.0 -9999.0 -9999.0 -9999.0 -9999.0
26565 20170419  2.514 -148.46   70.16   -14.3   -23.5   -18.9   -16.4 -9999.0    16.31 C    -9.5   -24.6   -15.6    89.2    76.8    84.1 -99.000 -99.000 -99.000 -99.000 -99.000 -9999.0 -9999.0 -9999.0 -9999.0 -9999.0
26565 20170420  2.514 -148.46   70.16   -14.6   -24.2   -19.4   -19.9 -9999.0    18.29 C   -12.7   -25.5   -19.6    83.5    73.2    79.4 -99.000 -99.000 -99.000 -99.000 -99.000 -9999.0 -9999.0 -9999.0 -9999.0 -9999.0
26565 20170421  2.514 -148.46   70.16   -11.4   -23.4   -17.4   -17.9 -9999.0    19.04 C   -11.4   -25.3   -18.3    86.1    73.5    81.1 -99.000 -99.000 -99.000 -99.000 -99.000 -9999.0 -9999.0 -9999.0 -9999.0 -9999.0
26565 20170422  2.514 -148.46   70.16   -13.9   -23.5   -18.7   -19.0 -9999.0    19.59 C   -13.3   -26.0   -19.4    90.2    77.4    83.6 -99.000 -99.000 -99.000 -99.000 -99.000 -9999.0 -9999.0 -9999.0 -9999.0 -9999.0
26565 20170423  2.514 -148.46   70.16   -15.9   -25.7   -20.8   -19.3 -9999.0    18.58 C   -12.7   -26.6   -18.5    84.4    74.4    80.1 -99.000 -99.000 -99.000 -99.000 -99.000 -9999.0 -9999.0 -9999.0 -9999.0 -9999.0
26565 20170424  2.514 -148.46   70.16   -14.4   -20.3   -17.4   -17.3 -9999.0    17.10 C   -12.8   -22.7   -17.0    85.3    76.9    81.4 -99.000 -99.000 -99.000 -99.000 -99.000 -9999.0 -9999.0 -9999.0 -9999.0 -9999.0
26565 20170425  2.514 -148.46   70.16   -13.3   -17.2   -15.2   -14.8 -9999.0    12.82 C   -10.6   -17.7   -13.9    86.8    81.9    84.3 -99.000 -99.000 -99.000 -99.000 -99.000 -9999.0 -9999.0 -9999.0 -9999.0 -9999.0
26565 20170426  2.514 -148.46   70.16   -13.4   -19.3   -16.3   -14.8 -9999.0    14.32 C   -12.6   -21.5   -14.9    86.6    82.1    84.9 -99.000 -99.000 -99.000 -99.000 -99.000 -9999.0 -9999.0 -9999.0 -9999.0 -9999.0
26565 20170427  2.514 -148.46   70.16   -13.5   -20.5   -17.0   -16.3 -9999.0    18.02 C   -13.2   -22.2   -16.6    85.2    76.4    81.7 -99.000 -99.000 -99.000 -99.000 -99.000 -9999.0 -9999.0 -9999.0 -9999.0 -9999.0
26565 20170428  2.514 -148.46   70.16   -13.5   -18.1   -15.8   -14.9 -9999.0    21.82 C   -13.0   -20.5   -15.1    88.1    79.4    83.2 -99.000 -99.000 -99.000 -99.000 -99.000 -9999.0 -9999.0 -9999.0 -9999.0 -9999.0
26565 20170429  2.514 -148.46   70.16   -10.4   -21.5   -15.9   -15.0 -9999.0    21.94 C   -10.1   -23.1   -15.7    88.5    83.1    85.5 -99.000 -99.000 -99.000 -99.000 -99.000 -9999.0 -9999.0 -9999.0 -9999.0 -9999.0
26565 20170430  2.514 -148.46   70.16    -9.7   -15.9   -12.8   -12.6 -9999.0    18.93 C    -9.2   -17.4   -12.6    91.5    81.6    86.2 -99.000 -99.000 -99.000 -99.000 -99.000 -9999.0 -9999.0 -9999.0 -9999.0 -9999.0
26565 20170501  2.514 -148.46   70.16    -7.6   -11.6    -9.6    -9.9 -9999.0    14.88 C    -7.6   -11.7    -9.4    94.1    88.3    90.9 -99.000 -99.000 -99.000 -99.000 -99.000 -9999.0 -9999.0 -9999.0 -9999.0 -9999.0
26565 20170502  2.514 -148.46   70.16    -6.4    -9.2    -7.8    -7.9 -9999.0    15.51 C    -6.3    -8.8    -7.5    94.4    88.4    92.1 -99.000 -99.000 -99.000 -99.000 -99.000 -9999.0 -9999.0 -9999.0 -9999.0 -9999.0
26565 20170503  2.514 -148.46   70.16    -6.4    -9.1    -7.7    -8.0 -9999.0    13.93 C    -6.5    -9.0    -7.7    95.2    88.7    91.5 -99.000 -99.000 -99.000 -99.000 -99.000 -9999.0 -9999.0 -9999.0 -9999.0 -9999.0
26565 20170504  2.514 -148.46   70.16    -6.6    -8.0    -7.3    -7.1 -9999.0    13.02 C    -5.1    -7.6    -6.8    95.1    92.7    93.5 -99.000 -99.000 -99.000 -99.000 -99.000 -9999.0 -9999.0 -9999.0 -9999.0 -9999.0
26565 20170505  2.514 -148.46   70.16    -4.1    -6.8    -5.5    -5.7 -9999.0    12.12 C    -3.4    -7.1    -5.4    93.9    91.6    93.1 -99.000 -99.000 -99.000 -99.000 -99.000 -9999.0 -9999.0 -9999.0 -9999.0 -9999.0
26565 20170506  2.514 -148.46   70.16    -3.8    -6.9    -5.3    -5.3 -9999.0    14.88 C    -3.2    -7.0    -5.0    95.1    91.3    92.9 -99.000 -99.000 -99.000 -99.000 -99.000 -9999.0 -9999.0 -9999.0 -9999.0 -9999.0
26565 20170507  2.514 -148.46   70.16    -3.1    -5.8    -4.5    -4.4 -9999.0    17.23 C    -2.4    -6.1    -4.1    95.8    89.4    93.0 -99.000 -99.000 -99.000 -99.000 -99.000 -9999.0 -9999.0 -9999.0 -9999.0 -9999.0
26565 20170508  2.514 -148.46   70.16    -2.5    -4.4    -3.5    -3.7 -9999.0    16.83 C     0.6    -4.7    -2.9    97.3    76.5    87.5 -99.000 -99.000 -99.000 -99.000 -99.000 -9999.0 -9999.0 -9999.0 -9999.0 -9999.0
26565 20170509  2.514 -148.46   70.16    -3.1    -6.5    -4.8    -4.6 -9999.0    18.04 C    -1.1    -6.9    -4.3    97.0    83.2    91.4 -99.000 -99.000 -99.000 -99.000 -99.000 -9999.0 -9999.0 -9999.0 -9999.0 -9999.0
26565 20170510  2.514 -148.46   70.16    -3.3    -6.2    -4.8    -4.4 -9999.0    17.41 C    -0.8    -6.4    -4.0    96.5    86.2    91.5 -99.000 -99.000 -99.000 -99.000 -99.000 -9999.0 -9999.0 -9999.0 -9999.0 -9999.0
26565 20170511  2.514 -148.46   70.16    -4.2    -6.9    -5.5    -5.4 -9999.0    17.52 C    -2.8    -6.9    -5.0    94.4    83.9    90.9 -99.000 -99.000 -99.000 -99.000 -99.000 -9999.0 -9999.0 -9999.0 -9999.0 -9999.0
26565 20170512  2.514 -148.46   70.16    -3.0   -10.6    -6.8    -5.5 -9999.0    16.96 C    -2.9   -11.6    -5.5    94.2    88.3    91.5 -99.000 -99.000 -99.000 -99.000 -99.000 -9999.0 -9999.0 -9999.0 -9999.0 -9999.0
26565 20170513  2.514 -148.46   70.16    -1.4    -3.3    -2.4    -2.6 -9999.0    14.88 C    -1.0    -3.6    -2.6    95.2    90.7    93.5 -99.000 -99.000 -99.000 -99.000 -99.000 -9999.0 -9999.0 -9999.0 -9999.0 -9999.0
26565 20170514  2.514 -148.46   70.16    -1.1    -3.4    -2.3    -2.3 -9999.0    17.09 C     0.2    -3.7    -2.0    96.8    92.1    94.8 -99.000 -99.000 -99.000 -99.000 -99.000 -9999.0 -9999.0 -9999.0 -9999.0 -9999.0
26565 20170515  2.514 -148.46   70.16    -1.4    -3.3    -2.4    -2.3 -9999.0    19.08 C     0.6    -3.5    -1.2    98.4    84.4    91.6 -99.000 -99.000 -99.000 -99.000 -99.000 -9999.0 -9999.0 -9999.0 -9999.0 -9999.0
26565 20170516  2.514 -148.46   70.16    -2.0    -3.6    -2.8    -2.8 -9999.0    16.07 C     0.7    -3.2    -1.4    99.1    95.2    96.9 -99.000 -99.000 -99.000 -99.000 -99.000 -9999.0 -9999.0 -9999.0 -9999.0 -9999.0
26565 20170517  2.514 -148.46   70.16    -2.3    -6.4    -4.4    -3.7 -9999.0    23.67 C    -0.6    -6.6    -2.9    96.4    91.7    94.0 -99.000 -99.000 -99.000 -99.000 -99.000 -9999.0 -9999.0 -9999.0 -9999.0 -9999.0
26565 20170518  2.514 -148.46   70.16    -0.3    -4.2    -2.2    -2.4 -9999.0    19.77 C     1.2    -4.0    -1.2    97.3    89.8    93.9 -99.000 -99.000 -99.000 -99.000 -99.000 -9999.0 -9999.0 -9999.0 -9999.0 -9999.0
26565 20170519  2.514 -148.46   70.16     0.4    -2.3    -1.0    -0.6 -9999.0    16.73 C     0.4    -2.3    -0.5    97.2    82.7    90.7 -99.000 -99.000 -99.000 -99.000 -99.000 -9999.0 -9999.0 -9999.0 -9999.0 -9999.0
26565 20170520  2.514 -148.46   70.16    -1.2    -2.9    -2.1    -2.2 -9999.0    14.78 C     0.6    -2.8    -1.3    93.8    79.1    87.1 -99.000 -99.000 -99.000 -99.000 -99.000 -9999.0 -9999.0 -9999.0 -9999.0 -9999.0
26565 20170521  2.514 -148.46   70.16    -1.9    -3.4    -2.6    -2.6 -9999.0    18.38 C    -0.3    -3.2    -1.9    96.3    86.0    91.9 -99.000 -99.000 -99.000 -99.000 -99.000 -9999.0 -9999.0 -9999.0 -9999.0 -9999.0
26565 20170522  2.514 -148.46   70.16    -0.4    -2.7    -1.5    -1.3 -9999.0    18.21 C     0.5    -2.6    -0.9    98.9    89.8    94.9 -99.000 -99.000 -99.000 -99.000 -99.000 -9999.0 -9999.0 -9999.0 -9999.0 -9999.0
26565 20170523  2.514 -148.46   70.16     0.6    -0.7    -0.1    -0.1 -9999.0    18.01 C     1.2    -0.7     0.2    99.8    91.6    98.2 -99.000 -99.000 -99.000 -99.000 -99.000 -9999.0 -9999.0 -9999.0 -9999.0 -9999.0
26565 20170524  2.514 -148.46   70.16     1.6    -0.9     0.3     0.2 -9999.0    25.14 C     1.3    -1.0     0.1    99.8    92.4    97.0 -99.000 -99.000 -99.000 -99.000 -99.000 -9999.0 -9999.0 -9999.0 -9999.0 -9999.0
26565 20170525  2.514 -148.46   70.16     2.1    -1.1     0.5     0.4 -9999.0    20.50 C     0.7    -2.4    -0.2    99.6    85.6    94.0 -99.000 -99.000 -99.000 -99.000 -99.000 -9999.0 -9999.0 -9999.0 -9999.0 -9999.0
26565 20170526  2.514 -148.46   70.16     5.2    -2.4     1.4     1.5 -9999.0    29.75 C     2.4    -3.6     0.1    96.3    69.3    85.5 -99.000 -99.000 -99.000 -99.000 -99.000 -9999.0 -9999.0 -9999.0 -9999.0 -9999.0
26565 20170527  2.514 -148.46   70.16     5.8    -4.0     0.9     1.4 -9999.0    29.38 C     3.3    -3.5     0.0    98.4    66.3    87.1 -99.000 -99.000 -99.000 -99.000 -99.000 -9999.0 -9999.0 -9999.0 -9999.0 -9999.0
26565 20170528  2.514 -148.46   70.16     3.5    -1.2     1.1     1.4 -9999.0    28.39 C     1.1    -2.1    -0.1    94.6    84.5    88.8 -99.000 -99.000 -99.000 -99.000 -99.000 -9999.0 -9999.0 -9999.0 -9999.0 -9999.0
26565 20170529  2.514 -148.46   70.16     0.6    -0.4     0.1     0.2 -9999.0     8.85 C     0.2    -1.3    -0.2    98.2    89.5    93.3 -99.000 -99.000 -99.000 -99.000 -99.000 -9999.0 -9999.0 -9999.0 -9999.0 -9999.0
26565 20170530  2.514 -148.46   70.16     2.7    -0.7     1.0     1.0 -9999.0    11.72 C     0.7    -0.8     0.2    99.8    83.7    91.9 -99.000 -99.000 -99.000 -99.000 -99.000 -9999.0 -9999.0 -9999.0 -9999.0 -9999.0
26565 20170531  2.514 -148.46   70.16     2.2    -1.8     0.2     0.5 -9999.0    14.09 C     1.1    -0.9     0.2    96.4    78.5    89.7 -99.000 -99.000 -99.000 -99.000 -99.000 -9999.0 -9999.0 -9999.0 -9999.0 -9999.0
26565 20170601  2.514 -148.46   70.16     4.5    -2.3     1.1     1.3     0.0    26.39 C     1.9    -1.7     0.2    99.3    62.1    80.1 -99.000 -99.000 -99.000 -99.000 -99.000 -9999.0 -9999.0 -9999.0 -9999.0 -9999.0
26565 20170602  2.514 -148.46   70.16     0.5    -2.9    -1.2    -1.3     0.0    18.27 C     0.5    -2.7    -1.0    98.7    88.1    93.5 -99.000 -99.000 -99.000 -99.000 -99.000 -9999.0 -9999.0 -9999.0 -9999.0 -9999.0
26565 20170603  2.514 -148.46   70.16     0.1    -3.8    -1.9    -1.9     0.0    20.51 C     0.2    -3.6    -1.6    95.5    84.1    90.6 -99.000 -99.000 -99.000 -99.000 -99.000 -9999.0 -9999.0 -9999.0 -9999.0 -9999.0
26565 20170604  2.514 -148.46   70.16    -0.6    -3.3    -1.9    -2.1     0.0    15.53 C    -0.1    -3.0    -1.6    94.9    86.6    90.4 -99.000 -99.000 -99.000 -99.000 -99.000 -9999.0 -9999.0 -9999.0 -9999.0 -9999.0
26565 20170605  2.514 -148.46   70.16     0.1    -3.8    -1.8    -2.1     0.0    18.38 C     0.3    -3.4    -1.6    95.5    86.5    91.0 -99.000 -99.000 -99.000 -99.000 -99.000 -9999.0 -9999.0 -9999.0 -9999.0 -9999.0
26565 20170606  2.514 -148.46   70.16     1.8    -3.3    -0.8    -1.0     0.0    18.28 C     0.7    -3.1    -1.1    94.6    79.4    87.7 -99.000 -99.000 -99.000 -99.000 -99.000 -9999.0 -9999.0 -9999.0 -9999.0 -9999.0
26565 20170607  2.514 -148.46   70.16     1.5    -2.2    -0.3    -0.3     0.0    17.71 C     0.5    -2.5    -0.6    93.5    82.0    86.4 -99.000 -99.000 -99.000 -99.000 -99.000 -9999.0 -9999.0 -9999.0 -9999.0 -9999.0
26565 20170608  2.514 -148.46   70.16     1.7    -1.3     0.2     0.1     0.0    13.40 C     0.6    -1.2    -0.2    97.7    81.0    91.3 -99.000 -99.000 -99.000 -99.000 -99.000 -9999.0 -9999.0 -9999.0 -9999.0 -9999.0
26565 20170609  2.514 -148.46   70.16    -0.1    -3.2    -1.7    -1.7     0.0    21.16 C     0.1    -2.6    -1.4    96.0    80.0    90.0 -99.000 -99.000 -99.000 -99.000 -99.000 -9999.0 -9999.0 -9999.0 -9999.0 -9999.0
26565 20170610  2.514 -148.46   70.16     2.4    -2.3     0.0     0.0     0.0    26.54 C     0.7    -2.6    -0.8    91.7    77.4    84.0 -99.000 -99.000 -99.000 -99.000 -99.000 -9999.0 -9999.0 -9999.0 -9999.0 -9999.0
26565 20170611  2.514 -148.46   70.16     5.1    -2.4     1.4     0.8     0.0    30.02 C     1.3    -2.8    -0.4    93.5    58.0    77.3 -99.000 -99.000 -99.000 -99.000 -99.000 -9999.0 -9999.0 -9999.0 -9999.0 -9999.0
26565 20170612  2.514 -148.46   70.16     2.1    -2.0     0.0     0.1     0.2    24.75 C     1.5    -1.5    -0.1    92.9    79.4    85.6 -99.000 -99.000 -99.000 -99.000 -99.000 -9999.0 -9999.0 -9999.0 -9999.0 -9999.0
26565 20170613  2.514 -148.46   70.16     3.0    -2.2     0.4     0.1     0.0    22.62 C     3.3    -1.7     0.4    95.8    82.2    89.6 -99.000 -99.000 -99.000 -99.000 -99.000 -9999.0 -9999.0 -9999.0 -9999.0 -9999.0
26565 20170614  2.514 -148.46   70.16     2.2    -2.9    -0.4    -0.2     0.2    13.91 C     4.0    -1.8     0.8    98.8    86.7    95.3 -99.000 -99.000 -99.000 -99.000 -99.000 -9999.0 -9999.0 -9999.0 -9999.0 -9999.0
26565 20170615  2.514 -148.46   70.16     3.2    -2.2     0.5     0.3     1.5    19.50 C     9.9    -0.8     2.9    98.9    79.6    91.8 -99.000 -99.000 -99.000 -99.000 -99.000 -9999.0 -9999.0 -9999.0 -9999.0 -9999.0
26565 20170616  2.514 -148.46   70.16     3.9    -1.5     1.2     1.4     0.6    10.42 C     6.7    -0.6     3.0    99.2    80.0    89.6 -99.000 -99.000 -99.000 -99.000 -99.000 -9999.0 -9999.0 -9999.0 -9999.0 -9999.0
26565 20170617  2.514 -148.46   70.16     4.2    -2.2     1.0     1.0     2.1    18.86 C    10.8    -1.2     4.0    98.5    77.6    91.1 -99.000 -99.000 -99.000 -99.000 -99.000 -9999.0 -9999.0 -9999.0 -9999.0 -9999.0
26565 20170618  2.514 -148.46   70.16    11.0    -0.8     5.1     4.9     1.3    26.61 C    16.0    -0.1     7.6    99.8    71.5    86.1 -99.000 -99.000 -99.000 -99.000 -99.000 -9999.0 -9999.0 -9999.0 -9999.0 -9999.0
26565 20170619  2.514 -148.46   70.16     6.8     2.6     4.7     4.5     1.1    23.41 C    10.9     1.6     6.0    96.0    79.2    87.8 -99.000 -99.000 -99.000 -99.000 -99.000 -9999.0 -9999.0 -9999.0 -9999.0 -9999.0
26565 20170620  2.514 -148.46   70.16    13.5     2.1     7.8     6.9     2.6    16.07 C    19.9     1.3     8.0    97.7    64.8    87.0 -99.000 -99.000 -99.000 -99.000 -99.000 -9999.0 -9999.0 -9999.0 -9999.0 -9999.0
26565 20170621  2.514 -148.46   70.16    19.4     6.9    13.1    13.2     0.0    18.73 C    19.0     5.1    12.0    98.1    48.3    72.9 -99.000 -99.000 -99.000 -99.000 -99.000 -9999.0 -9999.0 -9999.0 -9999.0 -9999.0
26565 20170622  2.514 -148.46   70.16    15.4     5.0    10.2    10.9     0.0    28.55 C    20.0     4.0    12.0    92.5    59.5    75.3 -99.000 -99.000 -99.000 -99.000 -99.000 -9999.0 -9999.0 -9999.0 -9999.0 -9999.0
26565 20170623  2.514 -148.46   70.16    18.2     8.0    13.1    12.4     7.1    18.72 C    22.7     6.6    12.3    94.6    47.7    77.7 -99.000 -99.000 -99.000 -99.000 -99.000 -9999.0 -9999.0 -9999.0 -9999.0 -9999.0
26565 20170624  2.514 -148.46   70.16    19.6     8.3    14.0    14.5     0.0    25.91 C    19.9     7.0    13.3    92.4    37.1    60.7 -99.000 -99.000 -99.000 -99.000 -99.000 -9999.0 -9999.0 -9999.0 -9999.0 -9999.0
26565 20170625  2.514 -148.46   70.16    16.3     8.4    12.3    11.3     0.0    18.74 C    18.4     7.7    11.6    87.4    45.7    70.4 -99.000 -99.000 -99.000 -99.000 -99.000 -9999.0 -9999.0 -9999.0 -9999.0 -9999.0
26565 20170626  2.514 -148.46   70.16    12.4     3.9     8.1     8.8     0.0    28.67 C    15.0     3.8    10.0    94.1    65.5    80.1 -99.000 -99.000 -99.000 -99.000 -99.000 -9999.0 -9999.0 -9999.0 -9999.0 -9999.0
26565 20170627  2.514 -148.46   70.16     7.0     2.7     4.9     4.2     0.0    18.15 C    12.6     3.3     6.4    99.5    83.0    93.3 -99.000 -99.000 -99.000 -99.000 -99.000 -9999.0 -9999.0 -9999.0 -9999.0 -9999.0
26565 20170628  2.514 -148.46   70.16     9.1     3.0     6.1     6.0     0.0    25.47 C    13.0     2.6     7.4    95.9    74.5    86.6 -99.000 -99.000 -99.000 -99.000 -99.000 -9999.0 -9999.0 -9999.0 -9999.0 -9999.0
26565 20170629  2.514 -148.46   70.16     9.7     2.8     6.3     5.6     0.0    23.62 C    16.4     3.1     8.3    99.0    77.1    90.2 -99.000 -99.000 -99.000 -99.000 -99.000 -9999.0 -9999.0 -9999.0 -9999.0 -9999.0
26565 20170630  2.514 -148.46   70.16     8.6     1.4     5.0     4.6     0.0    21.87 C    12.5     2.3     6.5    99.2    78.3    92.0 -99.000 -99.000 -99.000 -99.000 -99.000 -9999.0 -9999.0 -9999.0 -9999.0 -9999.0
26565 20170701  2.514 -148.46   70.16    12.0     1.3     6.7     6.1     0.0    24.82 C    19.0     2.1     9.7    99.4    65.9    84.7 -99.000 -99.000 -99.000 -99.000 -99.000 -9999.0 -9999.0 -9999.0 -9999.0 -9999.0
26565 20170702  2.514 -148.46   70.16    12.0     5.7     8.9     8.7     0.0    20.57 C    17.8     5.8    10.8    94.0    71.1    82.1 -99.000 -99.000 -99.000 -99.000 -99.000 -9999.0 -9999.0 -9999.0 -9999.0 -9999.0
26565 20170703  2.514 -148.46   70.16    13.2     4.6     8.9     9.0     0.0    18.02 C    17.3     4.7    10.5    92.7    64.2    79.7 -99.000 -99.000 -99.000 -99.000 -99.000 -9999.0 -9999.0 -9999.0 -9999.0 -9999.0
26565 20170704  2.514 -148.46   70.16    14.4     2.3     8.3     9.9     0.0    26.57 C    19.2     2.2    11.6    99.3    58.3    75.0 -99.000 -99.000 -99.000 -99.000 -99.000 -9999.0 -9999.0 -9999.0 -9999.0 -9999.0
26565 20170705  2.514 -148.46   70.16    16.6     8.8    12.7    12.4     1.6     9.20 C    17.8     8.2    12.3    97.5    68.4    88.0 -99.000 -99.000 -99.000 -99.000 -99.000 -9999.0 -9999.0 -9999.0 -9999.0 -9999.0
26565 20170706  2.514 -148.46   70.16    26.5    10.2    18.4    18.2     0.3    23.28 C    26.4     9.3    17.1    99.3    31.3    64.9 -99.000 -99.000 -99.000 -99.000 -99.000 -9999.0 -9999.0 -9999.0 -9999.0 -9999.0
26565 20170707  2.514 -148.46   70.16    19.5     9.7    14.6    14.6     0.0    16.92 C    24.2     7.9    14.7    93.4    55.3    74.7 -99.000 -99.000 -99.000 -99.000 -99.000 -9999.0 -9999.0 -9999.0 -9999.0 -9999.0
26565 20170708  2.514 -148.46   70.16    18.1     7.9    13.0    13.6     0.0    27.89 C    23.4     7.4    14.8    99.0    57.9    78.2 -99.000 -99.000 -99.000 -99.000 -99.000 -9999.0 -9999.0 -9999.0 -9999.0 -9999.0
26565 20170709  2.514 -148.46   70.16    10.8     6.2     8.5     7.8     0.0    16.96 C    15.1     7.2     9.7    99.6    81.2    92.9 -99.000 -99.000 -99.000 -99.000 -99.000 -9999.0 -9999.0 -9999.0 -9999.0 -9999.0
26565 20170710  2.514 -148.46   70.16     9.1     5.6     7.4     7.4     0.0    10.97 C    12.9     5.9     8.5    96.9    85.9    90.6 -99.000 -99.000 -99.000 -99.000 -99.000 -9999.0 -9999.0 -9999.0 -9999.0 -9999.0
26565 20170711  2.514 -148.46   70.16     9.6     5.5     7.5     7.0     0.0    16.66 C    13.0     5.6     8.1    98.2    78.9    88.9 -99.000 -99.000 -99.000 -99.000 -99.000 -9999.0 -9999.0 -9999.0 -9999.0 -9999.0
26565 20170712  2.514 -148.46   70.16    11.2     4.9     8.1     7.6     0.0    19.33 C    14.2     4.6     8.5    95.0    59.7    82.7 -99.000 -99.000 -99.000 -99.000 -99.000 -9999.0 -9999.0 -9999.0 -9999.0 -9999.0
26565 20170713  2.514 -148.46   70.16    17.0     4.5    10.8    11.2     0.0    26.54 C    19.9     3.9    12.3    95.3    58.6    76.8 -99.000 -99.000 -99.000 -99.000 -99.000 -9999.0 -9999.0 -9999.0 -9999.0 -9999.0
26565 20170714  2.514 -148.46   70.16    26.1     8.8    17.5    17.7     0.0    25.00 C    28.1     7.1    17.7    99.1    44.1    71.1 -99.000 -99.000 -99.000 -99.000 -99.000 -9999.0 -9999.0 -9999.0 -9999.0 -9999.0
26565 20170715  2.514 -148.46   70.16    13.7     5.8     9.7    10.8     0.0    18.76 C    18.2     6.6    12.4    98.7    69.6    83.2 -99.000 -99.000 -99.000 -99.000 -99.000 -9999.0 -9999.0 -9999.0 -9999.0 -9999.0
26565 20170716  2.514 -148.46   70.16    11.1     5.4     8.3     7.9     0.0    18.89 C    14.7     4.8     9.2    99.2    72.5    86.1 -99.000 -99.000 -99.000 -99.000 -99.000 -9999.0 -9999.0 -9999.0 -9999.0 -9999.0
26565 20170717  2.514 -148.46   70.16    15.2     4.9    10.0     9.9     0.0    18.24 C    17.6     4.2    10.8    97.3    67.0    83.3 -99.000 -99.000 -99.000 -99.000 -99.000 -9999.0 -9999.0 -9999.0 -9999.0 -9999.0
26565 20170718  2.514 -148.46   70.16    19.4     7.8    13.6    13.6     0.0    22.37 C    23.4     7.3    14.7    93.6    58.8    75.7 -99.000 -99.000 -99.000 -99.000 -99.000 -9999.0 -9999.0 -9999.0 -9999.0 -9999.0
26565 20170719  2.514 -148.46   70.16    21.2     7.2    14.2    14.0     0.0    15.25 C    26.0     6.4    14.9    96.0    59.5    78.6 -99.000 -99.000 -99.000 -99.000 -99.000 -9999.0 -9999.0 -9999.0 -9999.0 -9999.0
26565 20170720  2.514 -148.46   70.16    11.4     3.0     7.2     6.3     5.1     6.33 C    10.7     3.3     7.1    98.3    80.7    91.2 -99.000 -99.000 -99.000 -99.000 -99.000 -9999.0 -9999.0 -9999.0 -9999.0 -9999.0
26565 20170721  2.514 -148.46   70.16     9.9     1.3     5.6     5.6     0.3    17.17 C    15.5     2.1     7.7    96.7    67.0    81.7 -99.000 -99.000 -99.000 -99.000 -99.000 -9999.0 -9999.0 -9999.0 -9999.0 -9999.0
26565 20170722  2.514 -148.46   70.16    12.7     3.6     8.1     9.1     3.8    10.02 C    14.1     1.9     9.0    95.8    60.9    82.1 -99.000 -99.000 -99.000 -99.000 -99.000 -9999.0 -9999.0 -9999.0 -9999.0 -9999.0
26565 20170723  2.514 -148.46   70.16    14.8     3.2     9.0     9.5    10.3     4.74 C    14.3     1.9     9.3    99.2    83.1    95.5 -99.000 -99.000 -99.000 -99.000 -99.000 -9999.0 -9999.0 -9999.0 -9999.0 -9999.0
26565 20170724  2.514 -148.46   70.16    14.5     4.8     9.7    11.0     0.7     8.96 C    14.2     5.1    10.7    97.5    79.7    89.0 -99.000 -99.000 -99.000 -99.000 -99.000 -9999.0 -9999.0 -9999.0 -9999.0 -9999.0
26565 20170725  2.514 -148.46   70.16    11.1     3.4     7.2     6.9     0.0    15.98 C    15.7     3.7     9.0    99.3    73.0    86.6 -99.000 -99.000 -99.000 -99.000 -99.000 -9999.0 -9999.0 -9999.0 -9999.0 -9999.0
26565 20170726  2.514 -148.46   70.16     9.6     3.5     6.5     6.5     0.0    20.61 C    16.2     4.2     8.7    99.1    73.7    87.9 -99.000 -99.000 -99.000 -99.000 -99.000 -9999.0 -9999.0 -9999.0 -9999.0 -9999.0
26565 20170727  2.514 -148.46   70.16    16.0     3.3     9.6     8.9     0.0    21.67 C    17.0     3.0    10.2    99.2    67.4    87.2 -99.000 -99.000 -99.000 -99.000 -99.000 -9999.0 -9999.0 -9999.0 -9999.0 -9999.0
26565 20170728  2.514 -148.46   70.16    22.3     6.1    14.2    14.0     0.0    23.80 C    24.7     5.6    14.7    99.1    50.9    76.2 -99.000 -99.000 -99.000 -99.000 -99.000 -9999.0 -9999.0 -9999.0 -9999.0 -9999.0
26565 20170729  2.514 -148.46   70.16    26.0     7.1    16.6    17.4     0.0    23.46 C    27.7     5.6    17.0    98.2    36.1    68.8 -99.000 -99.000 -99.000 -99.000 -99.000 -9999.0 -9999.0 -9999.0 -9999.0 -9999.0
26565 20170730  2.514 -148.46   70.16    15.0     4.7     9.8     7.5     0.4     8.69 C    13.5     5.3     9.2    98.9    83.1    91.9 -99.000 -99.000 -99.000 -99.000 -99.000 -9999.0 -9999.0 -9999.0 -9999.0 -9999.0
26565 20170731  2.514 -148.46   70.16    25.6     4.7    15.1    14.9     0.0    17.73 C    27.3     5.1    14.9    99.4    34.2    71.2 -99.000 -99.000 -99.000 -99.000 -99.000 -9999.0 -9999.0 -9999.0 -9999.0 -9999.0
26565 20170801  2.514 -148.46   70.16    19.2     9.6    14.4    15.6     0.0    13.10 C    20.6     8.5    14.6    89.8    52.4    65.7 -99.000 -99.000 -99.000 -99.000 -99.000 -9999.0 -9999.0 -9999.0 -9999.0 -9999.0
26565 20170802  2.514 -148.46   70.16    19.8     8.7    14.3    14.0     1.8    12.43 C    22.7     7.7    13.8    97.0    55.7    80.4 -99.000 -99.000 -99.000 -99.000 -99.000 -9999.0 -9999.0 -9999.0 -9999.0 -9999.0
26565 20170803  2.514 -148.46   70.16     9.8     6.2     8.0     7.8     4.8     5.32 C    11.6     6.3     8.5    97.5    87.9    94.7 -99.000 -99.000 -99.000 -99.000 -99.000 -9999.0 -9999.0 -9999.0 -9999.0 -9999.0
26565 20170804  2.514 -148.46   70.16    15.0     4.7     9.8     8.8     0.0    16.47 C    16.8     5.4    10.0    99.5    58.4    87.9 -99.000 -99.000 -99.000 -99.000 -99.000 -9999.0 -9999.0 -9999.0 -9999.0 -9999.0
26565 20170805  2.514 -148.46   70.16    17.5     4.8    11.2    12.8     3.4     9.40 C    21.4     2.9    12.7    99.7    72.6    89.9 -99.000 -99.000 -99.000 -99.000 -99.000 -9999.0 -9999.0 -9999.0 -9999.0 -9999.0
26565 20170806  2.514 -148.46   70.16    11.8     7.0     9.4     9.2     0.9     7.21 C    14.6     7.4    10.0    98.8    86.1    94.2 -99.000 -99.000 -99.000 -99.000 -99.000 -9999.0 -9999.0 -9999.0 -9999.0 -9999.0
26565 20170807  2.514 -148.46   70.16    20.0     9.1    14.6    12.6     0.0    15.36 C    22.7     8.8    13.7    99.4    66.2    89.9 -99.000 -99.000 -99.000 -99.000 -99.000 -9999.0 -9999.0 -9999.0 -9999.0 -9999.0
26565 20170808  2.514 -148.46   70.16    15.9     8.3    12.1    11.5     4.9     8.46 C    18.2     8.4    12.0    99.0    76.2    90.7 -99.000 -99.000 -99.000 -99.000 -99.000 -9999.0 -9999.0 -9999.0 -9999.0 -9999.0
26565 20170809  2.514 -148.46   70.16    17.4     5.3    11.4    12.6     0.0     9.91 C    19.6     5.9    12.4    94.0    65.1    82.0 -99.000 -99.000 -99.000 -99.000 -99.000 -9999.0 -9999.0 -9999.0 -9999.0 -9999.0
26565 20170810  2.514 -148.46   70.16    14.6     4.5     9.6     9.3     0.0    12.75 C    17.6     5.4    10.4    98.4    70.0    86.0 -99.000 -99.000 -99.000 -99.000 -99.000 -9999.0 -9999.0 -9999.0 -9999.0 -9999.0
26565 20170811  2.514 -148.46   70.16    13.6     5.5     9.6    10.0     2.7     5.19 C    13.9     5.6    10.0    96.7    81.6    90.8 -99.000 -99.000 -99.000 -99.000 -99.000 -9999.0 -9999.0 -9999.0 -9999.0 -9999.0
26565 20170812  2.514 -148.46   70.16     6.1     3.9     5.0     5.2     2.4     5.81 C     7.5     3.8     5.6    97.9    90.4    95.8 -99.000 -99.000 -99.000 -99.000 -99.000 -9999.0 -9999.0 -9999.0 -9999.0 -9999.0
26565 20170813  2.514 -148.46   70.16     4.1     3.4     3.8     3.7     8.1     3.65 C     4.8     3.3     3.8    96.4    92.5    94.5 -99.000 -99.000 -99.000 -99.000 -99.000 -9999.0 -9999.0 -9999.0 -9999.0 -9999.0
26565 20170814  2.514 -148.46   70.16     3.7     3.0     3.4     3.4    13.9     2.44 C     3.9     2.9     3.4    98.0    92.5    95.5 -99.000 -99.000 -99.000 -99.000 -99.000 -9999.0 -9999.0 -9999.0 -9999.0 -9999.0
26565 20170815  2.514 -148.46   70.16     7.2     2.5     4.8     4.3     0.0     7.96 C     8.1     2.6     4.8    99.1    69.5    88.8 -99.000 -99.000 -99.000 -99.000 -99.000 -9999.0 -9999.0 -9999.0 -9999.0 -9999.0
26565 20170816  2.514 -148.46   70.16    11.0     1.3     6.2     6.1     0.0    17.52 C    12.7     1.0     6.7    98.5    75.9    88.0 -99.000 -99.000 -99.000 -99.000 -99.000 -9999.0 -9999.0 -9999.0 -9999.0 -9999.0
26565 20170817  2.514 -148.46   70.16     8.3     4.4     6.4     6.1     0.3     5.59 C    10.0     4.6     6.9    98.9    88.3    94.5 -99.000 -99.000 -99.000 -99.000 -99.000 -9999.0 -9999.0 -9999.0 -9999.0 -9999.0
26565 20170818  2.514 -148.46   70.16    11.5     3.5     7.5     6.6     0.3    13.75 C    15.1     4.8     8.0    99.3    67.4    90.9 -99.000 -99.000 -99.000 -99.000 -99.000 -9999.0 -9999.0 -9999.0 -9999.0 -9999.0
26565 20170819  2.514 -148.46   70.16     6.5     3.6     5.0     5.2     0.0     4.58 C     7.6     4.4     5.8    99.1    86.4    92.6 -99.000 -99.000 -99.000 -99.000 -99.000 -9999.0 -9999.0 -9999.0 -9999.0 -9999.0
26565 20170820  2.514 -148.46   70.16 -9999.0 -9999.0 -9999.0 -9999.0 -9999.0 -9999.00 U -9999.0 -9999.0 -9999.0 -9999.0 -9999.0 -9999.0 -99.000 -99.000 -99.000 -99.000 -99.000 -9999.0 -9999.0 -9999.0 -9999.0 -9999.0
26565 20170821  2.514 -148.46   70.16    10.1     3.3     6.7     6.1     0.0     9.67 C    13.7     3.1     7.5    99.4    72.0    91.1 -99.000 -99.000 -99.000 -99.000 -99.000 -9999.0 -9999.0 -9999.0 -9999.0 -9999.0
26565 20170822  2.514 -148.46   70.16    11.2     2.5     6.8     6.3     0.0    13.89 C    12.9     2.9     7.4    99.4    78.4    93.3 -99.000 -99.000 -99.000 -99.000 -99.000 -9999.0 -9999.0 -9999.0 -9999.0 -9999.0
26565 20170823  2.514 -148.46   70.16     7.7     5.4     6.6     6.4     5.4     5.21 C    10.3     5.7     7.3    99.1    87.5    95.7 -99.000 -99.000 -99.000 -99.000 -99.000 -9999.0 -9999.0 -9999.0 -9999.0 -9999.0
26565 20170824  2.514 -148.46   70.16     7.0     3.0     5.0     5.1     0.0     6.70 C     9.6     3.6     6.2    98.9    70.2    89.2 -99.000 -99.000 -99.000 -99.000 -99.000 -9999.0 -9999.0 -9999.0 -9999.0 -9999.0
26565 20170825  2.514 -148.46   70.16     6.5     3.0     4.8     4.5     1.1     5.55 C     9.2     3.4     5.2    96.8    78.7    89.7 -99.000 -99.000 -99.000 -99.000 -99.000 -9999.0 -9999.0 -9999.0 -9999.0 -9999.0
26565 20170826  2.514 -148.46   70.16     5.0     3.6     4.3     4.2     3.1     4.23 C     6.0     3.5     4.5    97.9    88.0    92.7 -99.000 -99.000 -99.000 -99.000 -99.000 -9999.0 -9999.0 -9999.0 -9999.0 -9999.0
26565 20170827  2.514 -148.46   70.16     6.7     3.1     4.9     4.4     8.0     6.53 C     9.9     2.8     5.3    96.9    70.7    89.7 -99.000 -99.000 -99.000 -99.000 -99.000 -9999.0 -9999.0 -9999.0 -9999.0 -9999.0
26565 20170828  2.514 -148.46   70.16     4.1     1.6     2.8     3.3    10.9     2.35 C     4.9     1.6     3.6    97.7    88.8    93.8 -99.000 -99.000 -99.000 -99.000 -99.000 -9999.0 -9999.0 -9999.0 -9999.0 -9999.0
26565 20170829  2.514 -148.46   70.16     4.7    -0.5     2.1     1.9     1.3     9.62 C     6.7    -1.0     2.6    95.9    58.5    82.6 -99.000 -99.000 -99.000 -99.000 -99.000 -9999.0 -9999.0 -9999.0 -9999.0 -9999.0
26565 20170830  2.514 -148.46   70.16     3.5    -0.2     1.6     2.1     0.3     5.71 C     3.8    -0.9     2.1    99.1    66.7    84.4 -99.000 -99.000 -99.000 -99.000 -99.000 -9999.0 -9999.0 -9999.0 -9999.0 -9999.0
26565 20170831  2.514 -148.46   70.16     2.8     0.3     1.6     1.6     2.2     3.41 C     3.6    -0.1     1.8    98.0    89.6    94.4 -99.000 -99.000 -99.000 -99.000 -99.000 -9999.0 -9999.0 -9999.0 -9999.0 -9999.0
26565 20170901  2.514 -148.46   70.16     5.9     0.8     3.3     3.0     0.0    10.46 C     9.3     0.2     4.0    99.3    80.7    94.4 -99.000 -99.000 -99.000 -99.000 -99.000 -9999.0 -9999.0 -9999.0 -9999.0 -9999.0
26565 20170902  2.514 -148.46   70.16     5.1     2.3     3.7     3.7     2.3     3.85 C     6.4     1.9     4.1    99.2    89.5    96.3 -99.000 -99.000 -99.000 -99.000 -99.000 -9999.0 -9999.0 -9999.0 -9999.0 -9999.0
26565 20170903  2.514 -148.46   70.16    12.1     3.6     7.8     7.0     2.1    13.07 C    13.7     3.0     7.0    98.9    45.8    79.2 -99.000 -99.000 -99.000 -99.000 -99.000 -9999.0 -9999.0 -9999.0 -9999.0 -9999.0
26565 20170904  2.514 -148.46   70.16     6.1     2.4     4.2     4.3     0.0     3.10 C     7.2     1.3     4.5    99.2    92.6    97.3 -99.000 -99.000 -99.000 -99.000 -99.000 -9999.0 -9999.0 -9999.0 -9999.0 -9999.0
26565 20170905  2.514 -148.46   70.16     7.1    -0.1     3.5     2.8     0.0     6.34 C     7.9     0.3     3.8    99.7    80.0    96.4 -99.000 -99.000 -99.000 -99.000 -99.000 -9999.0 -9999.0 -9999.0 -9999.0 -9999.0
26565 20170906  2.514 -148.46   70.16     4.4     1.4     2.9     3.3    12.7     0.97 C     4.4     1.5     3.2    99.0    92.0    97.0 -99.000 -99.000 -99.000 -99.000 -99.000 -9999.0 -9999.0 -9999.0 -9999.0 -9999.0
26565 20170907  2.514 -148.46   70.16     5.5     2.7     4.1     3.8     1.9     2.47 C     6.3     2.9     4.1    99.3    94.8    98.2 -99.000 -99.000 -99.000 -99.000 -99.000 -9999.0 -9999.0 -9999.0 -9999.0 -9999.0
26565 20170908  2.514 -148.46   70.16     2.7     0.4     1.5     1.9     4.6     2.62 C     3.4     0.7     2.4    98.6    88.7    94.7 -99.000 -99.000 -99.000 -99.000 -99.000 -9999.0 -9999.0 -9999.0 -9999.0 -9999.0
26565 20170909  2.514 -148.46   70.16     1.7    -2.9    -0.6     0.2     0.0     5.04 C     3.5    -2.1     0.7    97.2    73.1    83.6 -99.000 -99.000 -99.000 -99.000 -99.000 -9999.0 -9999.0 -9999.0 -9999.0 -9999.0
26565 20170910  2.514 -148.46   70.16     2.7    -3.2    -0.2     0.4     0.0     5.58 C     4.4    -2.1     0.7    99.3    76.6    90.2 -99.000 -99.000 -99.000 -99.000 -99.000 -9999.0 -9999.0 -9999.0 -9999.0 -9999.0
26565 20170911  2.514 -148.46   70.16     4.6    -0.5     2.0     1.9     3.3     2.37 C     4.7    -1.0     1.9    99.5    84.8    94.5 -99.000 -99.000 -99.000 -99.000 -99.000 -9999.0 -9999.0 -9999.0 -9999.0 -9999.0
26565 20170912  2.514 -148.46   70.16     9.2    -0.3     4.5     4.3     0.2     3.29 C     7.7    -0.9     3.3    99.6    75.4    91.3 -99.000 -99.000 -99.000 -99.000 -99.000 -9999.0 -9999.0 -9999.0 -9999.0 -9999.0
26565 20170913  2.514 -148.46   70.16    17.9     5.9    11.9    11.1     0.0     7.34 C    14.8     4.0     8.8    89.0    46.3    70.2 -99.000 -99.000 -99.000 -99.000 -99.000 -9999.0 -9999.0 -9999.0 -9999.0 -9999.0
26565 20170914  2.514 -148.46   70.16    13.7     4.5     9.1     8.6     0.8     5.81 C    13.5     4.3     7.9    96.8    58.0    85.8 -99.000 -99.000 -99.000 -99.000 -99.000 -9999.0 -9999.0 -9999.0 -9999.0 -9999.0
26565 20170915  2.514 -148.46   70.16    12.0     4.7     8.4     7.8     1.3     4.79 C    11.9     4.3     7.6    99.2    75.0    90.3 -99.000 -99.000 -99.000 -99.000 -99.000 -9999.0 -9999.0 -9999.0 -9999.0 -9999.0
26565 20170916  2.514 -148.46   70.16     6.7     1.4     4.1     3.3     0.3     6.51 C     8.2     1.9     4.2    99.8    80.6    95.5 -99.000 -99.000 -99.000 -99.000 -99.000 -9999.0 -9999.0 -9999.0 -9999.0 -9999.0
26565 20170917  2.514 -148.46   70.16     2.4     0.3     1.4     1.3     0.0     2.08 C     3.5     0.2     1.9    99.5    93.4    98.1 -99.000 -99.000 -99.000 -99.000 -99.000 -9999.0 -9999.0 -9999.0 -9999.0 -9999.0
26565 20170918  2.514 -148.46   70.16     5.6    -2.1     1.7     1.3     0.0     6.84 C     6.5    -1.9     1.9    99.4    78.8    94.1 -99.000 -99.000 -99.000 -99.000 -99.000 -9999.0 -9999.0 -9999.0 -9999.0 -9999.0
26565 20170919  2.514 -148.46   70.16     3.0     0.4     1.7     2.0     6.5     1.91 C     3.4     0.4     2.1    97.5    89.9    94.4 -99.000 -99.000 -99.000 -99.000 -99.000 -9999.0 -9999.0 -9999.0 -9999.0 -9999.0
26565 20170920  2.514 -148.46   70.16     2.7     0.2     1.4     1.3     0.0     2.52 C     2.9    -0.4     1.1    96.0    78.5    90.7 -99.000 -99.000 -99.000 -99.000 -99.000 -9999.0 -9999.0 -9999.0 -9999.0 -9999.0
26565 20170921  2.514 -148.46   70.16     2.9    -0.3     1.3     1.0     0.0     3.34 C     3.2    -1.1     0.6    94.4    77.9    87.5 -99.000 -99.000 -99.000 -99.000 -99.000 -9999.0 -9999.0 -9999.0 -9999.0 -9999.0
26565 20170922  2.514 -148.46   70.16     2.2     0.4     1.3     1.4     0.0     1.47 C     2.6    -0.4     1.2    98.8    85.3    95.0 -99.000 -99.000 -99.000 -99.000 -99.000 -9999.0 -9999.0 -9999.0 -9999.0 -9999.0
26565 20170923  2.514 -148.46   70.16     2.6     1.5     2.1     2.0     0.0     1.40 C     3.0     1.1     1.9    98.9    88.1    95.4 -99.000 -99.000 -99.000 -99.000 -99.000 -9999.0 -9999.0 -9999.0 -9999.0 -9999.0
26565 20170924  2.514 -148.46   70.16     2.7     0.1     1.4     1.6     0.0     1.92 C     3.6     0.5     1.8    99.3    92.3    97.7 -99.000 -99.000 -99.000 -99.000 -99.000 -9999.0 -9999.0 -9999.0 -9999.0 -9999.0
26565 20170925  2.514 -148.46   70.16     1.8    -3.6    -0.9     0.3     2.4     0.66 C     1.9    -2.2     0.4    99.0    82.8    94.5 -99.000 -99.000 -99.000 -99.000 -99.000 -9999.0 -9999.0 -9999.0 -9999.0 -9999.0
26565 20170926  2.514 -148.46   70.16     1.5    -2.8    -0.7     0.0     0.0     1.39 C     0.3    -2.4    -0.5    95.0    77.6    85.4 -99.000 -99.000 -99.000 -99.000 -99.000 -9999.0 -9999.0 -9999.0 -9999.0 -9999.0
26565 20170927  2.514 -148.46   70.16     3.5    -5.4    -1.0    -1.1     0.0     7.65 C     0.9    -3.4    -1.5    99.4    67.1    86.3 -99.000 -99.000 -99.000 -99.000 -99.000 -9999.0 -9999.0 -9999.0 -9999.0 -9999.0
26565 20170928  2.514 -148.46   70.16     1.3    -5.5    -2.1    -1.7     0.3     2.01 C     0.2    -3.4    -1.4    97.0    81.4    90.6 -99.000 -99.000 -99.000 -99.000 -99.000 -9999.0 -9999.0 -9999.0 -9999.0 -9999.0
26565 20170929  2.514 -148.46   70.16     0.2    -2.4    -1.1    -1.3     0.0     1.77 C    -0.6    -2.5    -1.4    88.9    72.2    81.7 -99.000 -99.000 -99.000 -99.000 -99.000 -9999.0 -9999.0 -9999.0 -9999.0 -9999.0
26565 20170930  2.514 -148.46   70.16     2.3    -1.8     0.3    -0.1     3.2     2.60 C     0.7    -2.4    -0.8    98.5    54.9    79.1 -99.000 -99.000 -99.000 -99.000 -99.000 -9999.0 -9999.0 -9999.0 -9999.0 -9999.0
26565 20171001  2.514 -148.46   70.16     4.9     0.0     2.5     2.1     6.2     0.68 C     2.8    -0.3     0.9    99.2    93.7    97.5 -99.000 -99.000 -99.000 -99.000 -99.000 -9999.0 -9999.0 -9999.0 -9999.0 -9999.0
26565 20171002  2.514 -148.46   70.16     1.6    -0.4     0.6     0.6     0.0     0.47 C     0.2    -0.7     0.0    99.2    93.5    96.9 -99.000 -99.000 -99.000 -99.000 -99.000 -9999.0 -9999.0 -9999.0 -9999.0 -9999.0
26565 20171003  2.514 -148.46   70.16     1.1    -0.9     0.1     0.1     0.0     1.66 C     0.8    -0.8    -0.1    99.3    97.5    98.8 -99.000 -99.000 -99.000 -99.000 -99.000 -9999.0 -9999.0 -9999.0 -9999.0 -9999.0
26565 20171004  2.514 -148.46   70.16     0.9    -1.6    -0.3    -0.4     0.0     2.28 C     0.3    -1.2    -0.5    99.4    97.6    98.7 -99.000 -99.000 -99.000 -99.000 -99.000 -9999.0 -9999.0 -9999.0 -9999.0 -9999.0
26565 20171005  2.514 -148.46   70.16     3.5     0.2     1.9     1.3     1.8     0.79 C     1.7    -0.2     0.5    99.2    92.4    97.6 -99.000 -99.000 -99.000 -99.000 -99.000 -9999.0 -9999.0 -9999.0 -9999.0 -9999.0
26565 20171006  2.514 -148.46   70.16     1.2     0.2     0.7     0.7     4.2     0.62 C     0.4    -0.2     0.0    98.2    91.9    96.3 -99.000 -99.000 -99.000 -99.000 -99.000 -9999.0 -9999.0 -9999.0 -9999.0 -9999.0
26565 20171007  2.514 -148.46   70.16     0.4    -3.1    -1.3    -0.7     0.0     2.20 C    -0.1    -1.8    -0.7    94.1    76.8    87.0 -99.000 -99.000 -99.000 -99.000 -99.000 -9999.0 -9999.0 -9999.0 -9999.0 -9999.0
26565 20171008  2.514 -148.46   70.16     0.3    -4.1    -1.9    -1.1     0.5     0.84 C    -0.1    -2.9    -0.8    98.8    86.7    96.8 -99.000 -99.000 -99.000 -99.000 -99.000 -9999.0 -9999.0 -9999.0 -9999.0 -9999.0
26565 20171009  2.514 -148.46   70.16    -0.2    -6.2    -3.2    -1.6     0.0     1.51 C    -0.2    -3.9    -1.1    98.7    93.0    96.8 -99.000 -99.000 -99.000 -99.000 -99.000 -9999.0 -9999.0 -9999.0 -9999.0 -9999.0
26565 20171010  2.514 -148.46   70.16    -1.7    -6.6    -4.1    -3.6     0.0     1.41 C    -0.9    -4.3    -2.4    98.8    84.6    90.9 -99.000 -99.000 -99.000 -99.000 -99.000 -9999.0 -9999.0 -9999.0 -9999.0 -9999.0
26565 20171011  2.514 -148.46   70.16    -0.1    -6.4    -3.3    -2.3     0.3     0.65 C    -0.3    -6.3    -1.8    99.0    92.4    96.5 -99.000 -99.000 -99.000 -99.000 -99.000 -9999.0 -9999.0 -9999.0 -9999.0 -9999.0
26565 20171012  2.514 -148.46   70.16    -0.7    -7.7    -4.2    -3.1     0.3     0.42 C    -0.9    -6.9    -2.8    96.9    91.2    95.0 -99.000 -99.000 -99.000 -99.000 -99.000 -9999.0 -9999.0 -9999.0 -9999.0 -9999.0
26565 20171013  2.514 -148.46   70.16    -0.7    -4.9    -2.8    -2.3     0.0     0.42 C    -0.9    -4.1    -2.0    97.4    91.4    95.8 -99.000 -99.000 -99.000 -99.000 -99.000 -9999.0 -9999.0 -9999.0 -9999.0 -9999.0
26565 20171014  2.514 -148.46   70.16    -2.1    -5.1    -3.6    -3.7     0.3     0.44 C    -1.8    -4.9    -3.7    95.1    75.4    84.6 -99.000 -99.000 -99.000 -99.000 -99.000 -9999.0 -9999.0 -9999.0 -9999.0 -9999.0
26565 20171015  2.514 -148.46   70.16    -4.8    -6.5    -5.6    -5.4     0.0     0.44 C    -4.1    -6.3    -4.9    90.2    67.9    81.0 -99.000 -99.000 -99.000 -99.000 -99.000 -9999.0 -9999.0 -9999.0 -9999.0 -9999.0
26565 20171016  2.514 -148.46   70.16    -6.5    -9.2    -7.9    -7.9     0.4     0.88 C    -6.0    -8.7    -7.4    90.3    84.3    87.1 -99.000 -99.000 -99.000 -99.000 -99.000 -9999.0 -9999.0 -9999.0 -9999.0 -9999.0
26565 20171017  2.514 -148.46   70.16    -6.6   -16.2   -11.4    -9.0     1.8     1.19 C    -6.6   -18.1    -9.5    92.3    84.4    90.6 -99.000 -99.000 -99.000 -99.000 -99.000 -9999.0 -9999.0 -9999.0 -9999.0 -9999.0
26565 20171018  2.514 -148.46   70.16    -5.3   -10.3    -7.8    -7.4     0.8     0.70 C    -5.4   -11.7    -7.8    96.1    75.4    88.4 -99.000 -99.000 -99.000 -99.000 -99.000 -9999.0 -9999.0 -9999.0 -9999.0 -9999.0
26565 20171019  2.514 -148.46   70.16    -9.7   -23.2   -16.5   -16.7     0.0     2.93 C    -9.2   -20.3   -14.7    87.5    77.1    82.3 -99.000 -99.000 -99.000 -99.000 -99.000 -9999.0 -9999.0 -9999.0 -9999.0 -9999.0
26565 20171020  2.514 -148.46   70.16   -14.6   -18.7   -16.6   -15.6     0.0     2.05 C   -13.2   -16.8   -14.7    89.1    71.8    78.3 -99.000 -99.000 -99.000 -99.000 -99.000 -9999.0 -9999.0 -9999.0 -9999.0 -9999.0
26565 20171021  2.514 -148.46   70.16   -15.0   -17.3   -16.1   -16.3     0.0     0.78 C   -13.9   -16.9   -15.2    88.8    82.4    84.0 -99.000 -99.000 -99.000 -99.000 -99.000 -9999.0 -9999.0 -9999.0 -9999.0 -9999.0
