26565 20160101 -9.000 -148.46   70.16 -9999.0 -9999.0 -9999.0 -9999.0 -9999.0 -9999.00 U -9999.0 -9999.0 -9999.0 -9999.0 -9999.0 -9999.0 -99.000 -99.000 -99.000 -99.000 -99.000 -9999.0 -9999.0 -9999.0 -9999.0 -9999.0
26565 20160102 -9.000 -148.46   70.16 -9999.0 -9999.0 -9999.0 -9999.0 -9999.0 -9999.00 U -9999.0 -9999.0 -9999.0 -9999.0 -9999.0 -9999.0 -99.000 -99.000 -99.000 -99.000 -99.000 -9999.0 -9999.0 -9999.0 -9999.0 -9999.0
26565 20160103 -9.000 -148.46   70.16 -9999.0 -9999.0 -9999.0 -9999.0 -9999.0 -9999.00 U -9999.0 -9999.0 -9999.0 -9999.0 -9999.0 -9999.0 -99.000 -99.000 -99.000 -99.000 -99.000 -9999.0 -9999.0 -9999.0 -9999.0 -9999.0
26565 20160104 -9.000 -148.46   70.16 -9999.0 -9999.0 -9999.0 -9999.0 -9999.0 -9999.00 U -9999.0 -9999.0 -9999.0 -9999.0 -9999.0 -9999.0 -99.000 -99.000 -99.000 -99.000 -99.000 -9999.0 -9999.0 -9999.0 -9999.0 -9999.0
26565 20160105 -9.000 -148.46   70.16 -9999.0 -9999.0 -9999.0 -9999.0 -9999.0 -9999.00 U -9999.0 -9999.0 -9999.0 -9999.0 -9999.0 -9999.0 -99.000 -99.000 -99.000 -99.000 -99.000 -9999.0 -9999.0 -9999.0 -9999.0 -9999.0
26565 20160106 -9.000 -148.46   70.16 -9999.0 -9999.0 -9999.0 -9999.0 -9999.0 -9999.00 U -9999.0 -9999.0 -9999.0 -9999.0 -9999.0 -9999.0 -99.000 -99.000 -99.000 -99.000 -99.000 -9999.0 -9999.0 -9999.0 -9999.0 -9999.0
26565 20160107 -9.000 -148.46   70.16 -9999.0 -9999.0 -9999.0 -9999.0 -9999.0 -9999.00 U -9999.0 -9999.0 -9999.0 -9999.0 -9999.0 -9999.0 -99.000 -99.000 -99.000 -99.000 -99.000 -9999.0 -9999.0 -9999.0 -9999.0 -9999.0
26565 20160108 -9.000 -148.46   70.16 -9999.0 -9999.0 -9999.0 -9999.0 -9999.0 -9999.00 U -9999.0 -9999.0 -9999.0 -9999.0 -9999.0 -9999.0 -99.000 -99.000 -99.000 -99.000 -99.000 -9999.0 -9999.0 -9999.0 -9999.0 -9999.0
26565 20160109 -9.000 -148.46   70.16 -9999.0 -9999.0 -9999.0 -9999.0 -9999.0 -9999.00 U -9999.0 -9999.0 -9999.0 -9999.0 -9999.0 -9999.0 -99.000 -99.000 -99.000 -99.000 -99.000 -9999.0 -9999.0 -9999.0 -9999.0 -9999.0
26565 20160110 -9.000 -148.46   70.16 -9999.0 -9999.0 -9999.0 -9999.0 -9999.0 -9999.00 U -9999.0 -9999.0 -9999.0 -9999.0 -9999.0 -9999.0 -99.000 -99.000 -99.000 -99.000 -99.000 -9999.0 -9999.0 -9999.0 -9999.0 -9999.0
26565 20160111 -9.000 -148.46   70.16 -9999.0 -9999.0 -9999.0 -9999.0 -9999.0 -9999.00 U -9999.0 -9999.0 -9999.0 -9999.0 -9999.0 -9999.0 -99.000 -99.000 -99.000 -99.000 -99.000 -9999.0 -9999.0 -9999.0 -9999.0 -9999.0
26565 20160112 -9.000 -148.46   70.16 -9999.0 -9999.0 -9999.0 -9999.0 -9999.0 -9999.00 U -9999.0 -9999.0 -9999.0 -9999.0 -9999.0 -9999.0 -99.000 -99.000 -99.000 -99.000 -99.000 -9999.0 -9999.0 -9999.0 -9999.0 -9999.0
26565 20160113 -9.000 -148.46   70.16 -9999.0 -9999.0 -9999.0 -9999.0 -9999.0 -9999.00 U -9999.0 -9999.0 -9999.0 -9999.0 -9999.0 -9999.0 -99.000 -99.000 -99.000 -99.000 -99.000 -9999.0 -9999.0 -9999.0 -9999.0 -9999.0
26565 20160114 -9.000 -148.46   70.16 -9999.0 -9999.0 -9999.0 -9999.0 -9999.0 -9999.00 U -9999.0 -9999.0 -9999.0 -9999.0 -9999.0 -9999.0 -99.000 -99.000 -99.000 -99.000 -99.000 -9999.0 -9999.0 -9999.0 -9999.0 -9999.0
26565 20160115 -9.000 -148.46   70.16 -9999.0 -9999.0 -9999.0 -9999.0 -9999.0 -9999.00 U -9999.0 -9999.0 -9999.0 -9999.0 -9999.0 -9999.0 -99.000 -99.000 -99.000 -99.000 -99.000 -9999.0 -9999.0 -9999.0 -9999.0 -9999.0
26565 20160116 -9.000 -148.46   70.16 -9999.0 -9999.0 -9999.0 -9999.0 -9999.0 -9999.00 U -9999.0 -9999.0 -9999.0 -9999.0 -9999.0 -9999.0 -99.000 -99.000 -99.000 -99.000 -99.000 -9999.0 -9999.0 -9999.0 -9999.0 -9999.0
26565 20160117 -9.000 -148.46   70.16 -9999.0 -9999.0 -9999.0 -9999.0 -9999.0 -9999.00 U -9999.0 -9999.0 -9999.0 -9999.0 -9999.0 -9999.0 -99.000 -99.000 -99.000 -99.000 -99.000 -9999.0 -9999.0 -9999.0 -9999.0 -9999.0
26565 20160118 -9.000 -148.46   70.16 -9999.0 -9999.0 -9999.0 -9999.0 -9999.0 -9999.00 U -9999.0 -9999.0 -9999.0 -9999.0 -9999.0 -9999.0 -99.000 -99.000 -99.000 -99.000 -99.000 -9999.0 -9999.0 -9999.0 -9999.0 -9999.0
26565 20160119 -9.000 -148.46   70.16 -9999.0 -9999.0 -9999.0 -9999.0 -9999.0 -9999.00 U -9999.0 -9999.0 -9999.0 -9999.0 -9999.0 -9999.0 -99.000 -99.000 -99.000 -99.000 -99.000 -9999.0 -9999.0 -9999.0 -9999.0 -9999.0
26565 20160120 -9.000 -148.46   70.16 -9999.0 -9999.0 -9999.0 -9999.0 -9999.0 -9999.00 U -9999.0 -9999.0 -9999.0 -9999.0 -9999.0 -9999.0 -99.000 -99.000 -99.000 -99.000 -99.000 -9999.0 -9999.0 -9999.0 -9999.0 -9999.0
26565 20160121 -9.000 -148.46   70.16 -9999.0 -9999.0 -9999.0 -9999.0 -9999.0 -9999.00 U -9999.0 -9999.0 -9999.0 -9999.0 -9999.0 -9999.0 -99.000 -99.000 -99.000 -99.000 -99.000 -9999.0 -9999.0 -9999.0 -9999.0 -9999.0
26565 20160122 -9.000 -148.46   70.16 -9999.0 -9999.0 -9999.0 -9999.0 -9999.0 -9999.00 U -9999.0 -9999.0 -9999.0 -9999.0 -9999.0 -9999.0 -99.000 -99.000 -99.000 -99.000 -99.000 -9999.0 -9999.0 -9999.0 -9999.0 -9999.0
26565 20160123 -9.000 -148.46   70.16 -9999.0 -9999.0 -9999.0 -9999.0 -9999.0 -9999.00 U -9999.0 -9999.0 -9999.0 -9999.0 -9999.0 -9999.0 -99.000 -99.000 -99.000 -99.000 -99.000 -9999.0 -9999.0 -9999.0 -9999.0 -9999.0
26565 20160124 -9.000 -148.46   70.16 -9999.0 -9999.0 -9999.0 -9999.0 -9999.0 -9999.00 U -9999.0 -9999.0 -9999.0 -9999.0 -9999.0 -9999.0 -99.000 -99.000 -99.000 -99.000 -99.000 -9999.0 -9999.0 -9999.0 -9999.0 -9999.0
26565 20160125 -9.000 -148.46   70.16 -9999.0 -9999.0 -9999.0 -9999.0 -9999.0 -9999.00 U -9999.0 -9999.0 -9999.0 -9999.0 -9999.0 -9999.0 -99.000 -99.000 -99.000 -99.000 -99.000 -9999.0 -9999.0 -9999.0 -9999.0 -9999.0
26565 20160126 -9.000 -148.46   70.16 -9999.0 -9999.0 -9999.0 -9999.0 -9999.0 -9999.00 U -9999.0 -9999.0 -9999.0 -9999.0 -9999.0 -9999.0 -99.000 -99.000 -99.000 -99.000 -99.000 -9999.0 -9999.0 -9999.0 -9999.0 -9999.0
26565 20160127 -9.000 -148.46   70.16 -9999.0 -9999.0 -9999.0 -9999.0 -9999.0 -9999.00 U -9999.0 -9999.0 -9999.0 -9999.0 -9999.0 -9999.0 -99.000 -99.000 -99.000 -99.000 -99.000 -9999.0 -9999.0 -9999.0 -9999.0 -9999.0
26565 20160128 -9.000 -148.46   70.16 -9999.0 -9999.0 -9999.0 -9999.0 -9999.0 -9999.00 U -9999.0 -9999.0 -9999.0 -9999.0 -9999.0 -9999.0 -99.000 -99.000 -99.000 -99.000 -99.000 -9999.0 -9999.0 -9999.0 -9999.0 -9999.0
26565 20160129 -9.000 -148.46   70.16 -9999.0 -9999.0 -9999.0 -9999.0 -9999.0 -9999.00 U -9999.0 -9999.0 -9999.0 -9999.0 -9999.0 -9999.0 -99.000 -99.000 -99.000 -99.000 -99.000 -9999.0 -9999.0 -9999.0 -9999.0 -9999.0
26565 20160130 -9.000 -148.46   70.16 -9999.0 -9999.0 -9999.0 -9999.0 -9999.0 -9999.00 U -9999.0 -9999.0 -9999.0 -9999.0 -9999.0 -9999.0 -99.000 -99.000 -99.000 -99.000 -99.000 -9999.0 -9999.0 -9999.0 -9999.0 -9999.0
26565 20160131 -9.000 -148.46   70.16 -9999.0 -9999.0 -9999.0 -9999.0 -9999.0 -9999.00 U -9999.0 -9999.0 -9999.0 -9999.0 -9999.0 -9999.0 -99.000 -99.000 -99.000 -99.000 -99.000 -9999.0 -9999.0 -9999.0 -9999.0 -9999.0
26565 20160201 -9.000 -148.46   70.16 -9999.0 -9999.0 -9999.0 -9999.0 -9999.0 -9999.00 U -9999.0 -9999.0 -9999.0 -9999.0 -9999.0 -9999.0 -99.000 -99.000 -99.000 -99.000 -99.000 -9999.0 -9999.0 -9999.0 -9999.0 -9999.0
26565 20160202 -9.000 -148.46   70.16 -9999.0 -9999.0 -9999.0 -9999.0 -9999.0 -9999.00 U -9999.0 -9999.0 -9999.0 -9999.0 -9999.0 -9999.0 -99.000 -99.000 -99.000 -99.000 -99.000 -9999.0 -9999.0 -9999.0 -9999.0 -9999.0
26565 20160203 -9.000 -148.46   70.16 -9999.0 -9999.0 -9999.0 -9999.0 -9999.0 -9999.00 U -9999.0 -9999.0 -9999.0 -9999.0 -9999.0 -9999.0 -99.000 -99.000 -99.000 -99.000 -99.000 -9999.0 -9999.0 -9999.0 -9999.0 -9999.0
26565 20160204 -9.000 -148.46   70.16 -9999.0 -9999.0 -9999.0 -9999.0 -9999.0 -9999.00 U -9999.0 -9999.0 -9999.0 -9999.0 -9999.0 -9999.0 -99.000 -99.000 -99.000 -99.000 -99.000 -9999.0 -9999.0 -9999.0 -9999.0 -9999.0
26565 20160205 -9.000 -148.46   70.16 -9999.0 -9999.0 -9999.0 -9999.0 -9999.0 -9999.00 U -9999.0 -9999.0 -9999.0 -9999.0 -9999.0 -9999.0 -99.000 -99.000 -99.000 -99.000 -99.000 -9999.0 -9999.0 -9999.0 -9999.0 -9999.0
26565 20160206 -9.000 -148.46   70.16 -9999.0 -9999.0 -9999.0 -9999.0 -9999.0 -9999.00 U -9999.0 -9999.0 -9999.0 -9999.0 -9999.0 -9999.0 -99.000 -99.000 -99.000 -99.000 -99.000 -9999.0 -9999.0 -9999.0 -9999.0 -9999.0
26565 20160207 -9.000 -148.46   70.16 -9999.0 -9999.0 -9999.0 -9999.0 -9999.0 -9999.00 U -9999.0 -9999.0 -9999.0 -9999.0 -9999.0 -9999.0 -99.000 -99.000 -99.000 -99.000 -99.000 -9999.0 -9999.0 -9999.0 -9999.0 -9999.0
26565 20160208 -9.000 -148.46   70.16 -9999.0 -9999.0 -9999.0 -9999.0 -9999.0 -9999.00 U -9999.0 -9999.0 -9999.0 -9999.0 -9999.0 -9999.0 -99.000 -99.000 -99.000 -99.000 -99.000 -9999.0 -9999.0 -9999.0 -9999.0 -9999.0
26565 20160209 -9.000 -148.46   70.16 -9999.0 -9999.0 -9999.0 -9999.0 -9999.0 -9999.00 U -9999.0 -9999.0 -9999.0 -9999.0 -9999.0 -9999.0 -99.000 -99.000 -99.000 -99.000 -99.000 -9999.0 -9999.0 -9999.0 -9999.0 -9999.0
26565 20160210 -9.000 -148.46   70.16 -9999.0 -9999.0 -9999.0 -9999.0 -9999.0 -9999.00 U -9999.0 -9999.0 -9999.0 -9999.0 -9999.0 -9999.0 -99.000 -99.000 -99.000 -99.000 -99.000 -9999.0 -9999.0 -9999.0 -9999.0 -9999.0
26565 20160211 -9.000 -148.46   70.16 -9999.0 -9999.0 -9999.0 -9999.0 -9999.0 -9999.00 U -9999.0 -9999.0 -9999.0 -9999.0 -9999.0 -9999.0 -99.000 -99.000 -99.000 -99.000 -99.000 -9999.0 -9999.0 -9999.0 -9999.0 -9999.0
26565 20160212 -9.000 -148.46   70.16 -9999.0 -9999.0 -9999.0 -9999.0 -9999.0 -9999.00 U -9999.0 -9999.0 -9999.0 -9999.0 -9999.0 -9999.0 -99.000 -99.000 -99.000 -99.000 -99.000 -9999.0 -9999.0 -9999.0 -9999.0 -9999.0
26565 20160213 -9.000 -148.46   70.16 -9999.0 -9999.0 -9999.0 -9999.0 -9999.0 -9999.00 U -9999.0 -9999.0 -9999.0 -9999.0 -9999.0 -9999.0 -99.000 -99.000 -99.000 -99.000 -99.000 -9999.0 -9999.0 -9999.0 -9999.0 -9999.0
26565 20160214 -9.000 -148.46   70.16 -9999.0 -9999.0 -9999.0 -9999.0 -9999.0 -9999.00 U -9999.0 -9999.0 -9999.0 -9999.0 -9999.0 -9999.0 -99.000 -99.000 -99.000 -99.000 -99.000 -9999.0 -9999.0 -9999.0 -9999.0 -9999.0
26565 20160215 -9.000 -148.46   70.16 -9999.0 -9999.0 -9999.0 -9999.0 -9999.0 -9999.00 U -9999.0 -9999.0 -9999.0 -9999.0 -9999.0 -9999.0 -99.000 -99.000 -99.000 -99.000 -99.000 -9999.0 -9999.0 -9999.0 -9999.0 -9999.0
26565 20160216 -9.000 -148.46   70.16 -9999.0 -9999.0 -9999.0 -9999.0 -9999.0 -9999.00 U -9999.0 -9999.0 -9999.0 -9999.0 -9999.0 -9999.0 -99.000 -99.000 -99.000 -99.000 -99.000 -9999.0 -9999.0 -9999.0 -9999.0 -9999.0
26565 20160217 -9.000 -148.46   70.16 -9999.0 -9999.0 -9999.0 -9999.0 -9999.0 -9999.00 U -9999.0 -9999.0 -9999.0 -9999.0 -9999.0 -9999.0 -99.000 -99.000 -99.000 -99.000 -99.000 -9999.0 -9999.0 -9999.0 -9999.0 -9999.0
26565 20160218 -9.000 -148.46   70.16 -9999.0 -9999.0 -9999.0 -9999.0 -9999.0 -9999.00 U -9999.0 -9999.0 -9999.0 -9999.0 -9999.0 -9999.0 -99.000 -99.000 -99.000 -99.000 -99.000 -9999.0 -9999.0 -9999.0 -9999.0 -9999.0
26565 20160219 -9.000 -148.46   70.16 -9999.0 -9999.0 -9999.0 -9999.0 -9999.0 -9999.00 U -9999.0 -9999.0 -9999.0 -9999.0 -9999.0 -9999.0 -99.000 -99.000 -99.000 -99.000 -99.000 -9999.0 -9999.0 -9999.0 -9999.0 -9999.0
26565 20160220 -9.000 -148.46   70.16 -9999.0 -9999.0 -9999.0 -9999.0 -9999.0 -9999.00 U -9999.0 -9999.0 -9999.0 -9999.0 -9999.0 -9999.0 -99.000 -99.000 -99.000 -99.000 -99.000 -9999.0 -9999.0 -9999.0 -9999.0 -9999.0
26565 20160221 -9.000 -148.46   70.16 -9999.0 -9999.0 -9999.0 -9999.0 -9999.0 -9999.00 U -9999.0 -9999.0 -9999.0 -9999.0 -9999.0 -9999.0 -99.000 -99.000 -99.000 -99.000 -99.000 -9999.0 -9999.0 -9999.0 -9999.0 -9999.0
26565 20160222 -9.000 -148.46   70.16 -9999.0 -9999.0 -9999.0 -9999.0 -9999.0 -9999.00 U -9999.0 -9999.0 -9999.0 -9999.0 -9999.0 -9999.0 -99.000 -99.000 -99.000 -99.000 -99.000 -9999.0 -9999.0 -9999.0 -9999.0 -9999.0
26565 20160223 -9.000 -148.46   70.16 -9999.0 -9999.0 -9999.0 -9999.0 -9999.0 -9999.00 U -9999.0 -9999.0 -9999.0 -9999.0 -9999.0 -9999.0 -99.000 -99.000 -99.000 -99.000 -99.000 -9999.0 -9999.0 -9999.0 -9999.0 -9999.0
26565 20160224 -9.000 -148.46   70.16 -9999.0 -9999.0 -9999.0 -9999.0 -9999.0 -9999.00 U -9999.0 -9999.0 -9999.0 -9999.0 -9999.0 -9999.0 -99.000 -99.000 -99.000 -99.000 -99.000 -9999.0 -9999.0 -9999.0 -9999.0 -9999.0
26565 20160225 -9.000 -148.46   70.16 -9999.0 -9999.0 -9999.0 -9999.0 -9999.0 -9999.00 U -9999.0 -9999.0 -9999.0 -9999.0 -9999.0 -9999.0 -99.000 -99.000 -99.000 -99.000 -99.000 -9999.0 -9999.0 -9999.0 -9999.0 -9999.0
26565 20160226 -9.000 -148.46   70.16 -9999.0 -9999.0 -9999.0 -9999.0 -9999.0 -9999.00 U -9999.0 -9999.0 -9999.0 -9999.0 -9999.0 -9999.0 -99.000 -99.000 -99.000 -99.000 -99.000 -9999.0 -9999.0 -9999.0 -9999.0 -9999.0
26565 20160227 -9.000 -148.46   70.16 -9999.0 -9999.0 -9999.0 -9999.0 -9999.0 -9999.00 U -9999.0 -9999.0 -9999.0 -9999.0 -9999.0 -9999.0 -99.000 -99.000 -99.000 -99.000 -99.000 -9999.0 -9999.0 -9999.0 -9999.0 -9999.0
26565 20160228 -9.000 -148.46   70.16 -9999.0 -9999.0 -9999.0 -9999.0 -9999.0 -9999.00 U -9999.0 -9999.0 -9999.0 -9999.0 -9999.0 -9999.0 -99.000 -99.000 -99.000 -99.000 -99.000 -9999.0 -9999.0 -9999.0 -9999.0 -9999.0
26565 20160229 -9.000 -148.46   70.16 -9999.0 -9999.0 -9999.0 -9999.0 -9999.0 -9999.00 U -9999.0 -9999.0 -9999.0 -9999.0 -9999.0 -9999.0 -99.000 -99.000 -99.000 -99.000 -99.000 -9999.0 -9999.0 -9999.0 -9999.0 -9999.0
26565 20160301 -9.000 -148.46   70.16 -9999.0 -9999.0 -9999.0 -9999.0 -9999.0 -9999.00 U -9999.0 -9999.0 -9999.0 -9999.0 -9999.0 -9999.0 -99.000 -99.000 -99.000 -99.000 -99.000 -9999.0 -9999.0 -9999.0 -9999.0 -9999.0
26565 20160302 -9.000 -148.46   70.16 -9999.0 -9999.0 -9999.0 -9999.0 -9999.0 -9999.00 U -9999.0 -9999.0 -9999.0 -9999.0 -9999.0 -9999.0 -99.000 -99.000 -99.000 -99.000 -99.000 -9999.0 -9999.0 -9999.0 -9999.0 -9999.0
26565 20160303 -9.000 -148.46   70.16 -9999.0 -9999.0 -9999.0 -9999.0 -9999.0 -9999.00 U -9999.0 -9999.0 -9999.0 -9999.0 -9999.0 -9999.0 -99.000 -99.000 -99.000 -99.000 -99.000 -9999.0 -9999.0 -9999.0 -9999.0 -9999.0
26565 20160304 -9.000 -148.46   70.16 -9999.0 -9999.0 -9999.0 -9999.0 -9999.0 -9999.00 U -9999.0 -9999.0 -9999.0 -9999.0 -9999.0 -9999.0 -99.000 -99.000 -99.000 -99.000 -99.000 -9999.0 -9999.0 -9999.0 -9999.0 -9999.0
26565 20160305 -9.000 -148.46   70.16 -9999.0 -9999.0 -9999.0 -9999.0 -9999.0 -9999.00 U -9999.0 -9999.0 -9999.0 -9999.0 -9999.0 -9999.0 -99.000 -99.000 -99.000 -99.000 -99.000 -9999.0 -9999.0 -9999.0 -9999.0 -9999.0
26565 20160306 -9.000 -148.46   70.16 -9999.0 -9999.0 -9999.0 -9999.0 -9999.0 -9999.00 U -9999.0 -9999.0 -9999.0 -9999.0 -9999.0 -9999.0 -99.000 -99.000 -99.000 -99.000 -99.000 -9999.0 -9999.0 -9999.0 -9999.0 -9999.0
26565 20160307 -9.000 -148.46   70.16 -9999.0 -9999.0 -9999.0 -9999.0 -9999.0 -9999.00 U -9999.0 -9999.0 -9999.0 -9999.0 -9999.0 -9999.0 -99.000 -99.000 -99.000 -99.000 -99.000 -9999.0 -9999.0 -9999.0 -9999.0 -9999.0
26565 20160308 -9.000 -148.46   70.16 -9999.0 -9999.0 -9999.0 -9999.0 -9999.0 -9999.00 U -9999.0 -9999.0 -9999.0 -9999.0 -9999.0 -9999.0 -99.000 -99.000 -99.000 -99.000 -99.000 -9999.0 -9999.0 -9999.0 -9999.0 -9999.0
26565 20160309 -9.000 -148.46   70.16 -9999.0 -9999.0 -9999.0 -9999.0 -9999.0 -9999.00 U -9999.0 -9999.0 -9999.0 -9999.0 -9999.0 -9999.0 -99.000 -99.000 -99.000 -99.000 -99.000 -9999.0 -9999.0 -9999.0 -9999.0 -9999.0
26565 20160310 -9.000 -148.46   70.16 -9999.0 -9999.0 -9999.0 -9999.0 -9999.0 -9999.00 U -9999.0 -9999.0 -9999.0 -9999.0 -9999.0 -9999.0 -99.000 -99.000 -99.000 -99.000 -99.000 -9999.0 -9999.0 -9999.0 -9999.0 -9999.0
26565 20160311 -9.000 -148.46   70.16 -9999.0 -9999.0 -9999.0 -9999.0 -9999.0 -9999.00 U -9999.0 -9999.0 -9999.0 -9999.0 -9999.0 -9999.0 -99.000 -99.000 -99.000 -99.000 -99.000 -9999.0 -9999.0 -9999.0 -9999.0 -9999.0
26565 20160312 -9.000 -148.46   70.16 -9999.0 -9999.0 -9999.0 -9999.0 -9999.0 -9999.00 U -9999.0 -9999.0 -9999.0 -9999.0 -9999.0 -9999.0 -99.000 -99.000 -99.000 -99.000 -99.000 -9999.0 -9999.0 -9999.0 -9999.0 -9999.0
26565 20160313 -9.000 -148.46   70.16 -9999.0 -9999.0 -9999.0 -9999.0 -9999.0 -9999.00 U -9999.0 -9999.0 -9999.0 -9999.0 -9999.0 -9999.0 -99.000 -99.000 -99.000 -99.000 -99.000 -9999.0 -9999.0 -9999.0 -9999.0 -9999.0
26565 20160314 -9.000 -148.46   70.16 -9999.0 -9999.0 -9999.0 -9999.0 -9999.0 -9999.00 U -9999.0 -9999.0 -9999.0 -9999.0 -9999.0 -9999.0 -99.000 -99.000 -99.000 -99.000 -99.000 -9999.0 -9999.0 -9999.0 -9999.0 -9999.0
26565 20160315 -9.000 -148.46   70.16 -9999.0 -9999.0 -9999.0 -9999.0 -9999.0 -9999.00 U -9999.0 -9999.0 -9999.0 -9999.0 -9999.0 -9999.0 -99.000 -99.000 -99.000 -99.000 -99.000 -9999.0 -9999.0 -9999.0 -9999.0 -9999.0
26565 20160316 -9.000 -148.46   70.16 -9999.0 -9999.0 -9999.0 -9999.0 -9999.0 -9999.00 U -9999.0 -9999.0 -9999.0 -9999.0 -9999.0 -9999.0 -99.000 -99.000 -99.000 -99.000 -99.000 -9999.0 -9999.0 -9999.0 -9999.0 -9999.0
26565 20160317 -9.000 -148.46   70.16 -9999.0 -9999.0 -9999.0 -9999.0 -9999.0 -9999.00 U -9999.0 -9999.0 -9999.0 -9999.0 -9999.0 -9999.0 -99.000 -99.000 -99.000 -99.000 -99.000 -9999.0 -9999.0 -9999.0 -9999.0 -9999.0
26565 20160318 -9.000 -148.46   70.16 -9999.0 -9999.0 -9999.0 -9999.0 -9999.0 -9999.00 U -9999.0 -9999.0 -9999.0 -9999.0 -9999.0 -9999.0 -99.000 -99.000 -99.000 -99.000 -99.000 -9999.0 -9999.0 -9999.0 -9999.0 -9999.0
26565 20160319 -9.000 -148.46   70.16 -9999.0 -9999.0 -9999.0 -9999.0 -9999.0 -9999.00 U -9999.0 -9999.0 -9999.0 -9999.0 -9999.0 -9999.0 -99.000 -99.000 -99.000 -99.000 -99.000 -9999.0 -9999.0 -9999.0 -9999.0 -9999.0
26565 20160320 -9.000 -148.46   70.16 -9999.0 -9999.0 -9999.0 -9999.0 -9999.0 -9999.00 U -9999.0 -9999.0 -9999.0 -9999.0 -9999.0 -9999.0 -99.000 -99.000 -99.000 -99.000 -99.000 -9999.0 -9999.0 -9999.0 -9999.0 -9999.0
26565 20160321 -9.000 -148.46   70.16 -9999.0 -9999.0 -9999.0 -9999.0 -9999.0 -9999.00 U -9999.0 -9999.0 -9999.0 -9999.0 -9999.0 -9999.0 -99.000 -99.000 -99.000 -99.000 -99.000 -9999.0 -9999.0 -9999.0 -9999.0 -9999.0
26565 20160322 -9.000 -148.46   70.16 -9999.0 -9999.0 -9999.0 -9999.0 -9999.0 -9999.00 U -9999.0 -9999.0 -9999.0 -9999.0 -9999.0 -9999.0 -99.000 -99.000 -99.000 -99.000 -99.000 -9999.0 -9999.0 -9999.0 -9999.0 -9999.0
26565 20160323 -9.000 -148.46   70.16 -9999.0 -9999.0 -9999.0 -9999.0 -9999.0 -9999.00 U -9999.0 -9999.0 -9999.0 -9999.0 -9999.0 -9999.0 -99.000 -99.000 -99.000 -99.000 -99.000 -9999.0 -9999.0 -9999.0 -9999.0 -9999.0
26565 20160324 -9.000 -148.46   70.16 -9999.0 -9999.0 -9999.0 -9999.0 -9999.0 -9999.00 U -9999.0 -9999.0 -9999.0 -9999.0 -9999.0 -9999.0 -99.000 -99.000 -99.000 -99.000 -99.000 -9999.0 -9999.0 -9999.0 -9999.0 -9999.0
26565 20160325 -9.000 -148.46   70.16 -9999.0 -9999.0 -9999.0 -9999.0 -9999.0 -9999.00 U -9999.0 -9999.0 -9999.0 -9999.0 -9999.0 -9999.0 -99.000 -99.000 -99.000 -99.000 -99.000 -9999.0 -9999.0 -9999.0 -9999.0 -9999.0
26565 20160326 -9.000 -148.46   70.16 -9999.0 -9999.0 -9999.0 -9999.0 -9999.0 -9999.00 U -9999.0 -9999.0 -9999.0 -9999.0 -9999.0 -9999.0 -99.000 -99.000 -99.000 -99.000 -99.000 -9999.0 -9999.0 -9999.0 -9999.0 -9999.0
26565 20160327 -9.000 -148.46   70.16 -9999.0 -9999.0 -9999.0 -9999.0 -9999.0 -9999.00 U -9999.0 -9999.0 -9999.0 -9999.0 -9999.0 -9999.0 -99.000 -99.000 -99.000 -99.000 -99.000 -9999.0 -9999.0 -9999.0 -9999.0 -9999.0
26565 20160328 -9.000 -148.46   70.16 -9999.0 -9999.0 -9999.0 -9999.0 -9999.0 -9999.00 U -9999.0 -9999.0 -9999.0 -9999.0 -9999.0 -9999.0 -99.000 -99.000 -99.000 -99.000 -99.000 -9999.0 -9999.0 -9999.0 -9999.0 -9999.0
26565 20160329 -9.000 -148.46   70.16 -9999.0 -9999.0 -9999.0 -9999.0 -9999.0 -9999.00 U -9999.0 -9999.0 -9999.0 -9999.0 -9999.0 -9999.0 -99.000 -99.000 -99.000 -99.000 -99.000 -9999.0 -9999.0 -9999.0 -9999.0 -9999.0
26565 20160330 -9.000 -148.46   70.16 -9999.0 -9999.0 -9999.0 -9999.0 -9999.0 -9999.00 U -9999.0 -9999.0 -9999.0 -9999.0 -9999.0 -9999.0 -99.000 -99.000 -99.000 -99.000 -99.000 -9999.0 -9999.0 -9999.0 -9999.0 -9999.0
26565 20160331 -9.000 -148.46   70.16 -9999.0 -9999.0 -9999.0 -9999.0 -9999.0 -9999.00 U -9999.0 -9999.0 -9999.0 -9999.0 -9999.0 -9999.0 -99.000 -99.000 -99.000 -99.000 -99.000 -9999.0 -9999.0 -9999.0 -9999.0 -9999.0
26565 20160401 -9.000 -148.46   70.16 -9999.0 -9999.0 -9999.0 -9999.0 -9999.0 -9999.00 U -9999.0 -9999.0 -9999.0 -9999.0 -9999.0 -9999.0 -99.000 -99.000 -99.000 -99.000 -99.000 -9999.0 -9999.0 -9999.0 -9999.0 -9999.0
26565 20160402 -9.000 -148.46   70.16 -9999.0 -9999.0 -9999.0 -9999.0 -9999.0 -9999.00 U -9999.0 -9999.0 -9999.0 -9999.0 -9999.0 -9999.0 -99.000 -99.000 -99.000 -99.000 -99.000 -9999.0 -9999.0 -9999.0 -9999.0 -9999.0
26565 20160403 -9.000 -148.46   70.16 -9999.0 -9999.0 -9999.0 -9999.0 -9999.0 -9999.00 U -9999.0 -9999.0 -9999.0 -9999.0 -9999.0 -9999.0 -99.000 -99.000 -99.000 -99.000 -99.000 -9999.0 -9999.0 -9999.0 -9999.0 -9999.0
26565 20160404 -9.000 -148.46   70.16 -9999.0 -9999.0 -9999.0 -9999.0 -9999.0 -9999.00 U -9999.0 -9999.0 -9999.0 -9999.0 -9999.0 -9999.0 -99.000 -99.000 -99.000 -99.000 -99.000 -9999.0 -9999.0 -9999.0 -9999.0 -9999.0
26565 20160405 -9.000 -148.46   70.16 -9999.0 -9999.0 -9999.0 -9999.0 -9999.0 -9999.00 U -9999.0 -9999.0 -9999.0 -9999.0 -9999.0 -9999.0 -99.000 -99.000 -99.000 -99.000 -99.000 -9999.0 -9999.0 -9999.0 -9999.0 -9999.0
26565 20160406 -9.000 -148.46   70.16 -9999.0 -9999.0 -9999.0 -9999.0 -9999.0 -9999.00 U -9999.0 -9999.0 -9999.0 -9999.0 -9999.0 -9999.0 -99.000 -99.000 -99.000 -99.000 -99.000 -9999.0 -9999.0 -9999.0 -9999.0 -9999.0
26565 20160407 -9.000 -148.46   70.16 -9999.0 -9999.0 -9999.0 -9999.0 -9999.0 -9999.00 U -9999.0 -9999.0 -9999.0 -9999.0 -9999.0 -9999.0 -99.000 -99.000 -99.000 -99.000 -99.000 -9999.0 -9999.0 -9999.0 -9999.0 -9999.0
26565 20160408 -9.000 -148.46   70.16 -9999.0 -9999.0 -9999.0 -9999.0 -9999.0 -9999.00 U -9999.0 -9999.0 -9999.0 -9999.0 -9999.0 -9999.0 -99.000 -99.000 -99.000 -99.000 -99.000 -9999.0 -9999.0 -9999.0 -9999.0 -9999.0
26565 20160409 -9.000 -148.46   70.16 -9999.0 -9999.0 -9999.0 -9999.0 -9999.0 -9999.00 U -9999.0 -9999.0 -9999.0 -9999.0 -9999.0 -9999.0 -99.000 -99.000 -99.000 -99.000 -99.000 -9999.0 -9999.0 -9999.0 -9999.0 -9999.0
26565 20160410 -9.000 -148.46   70.16 -9999.0 -9999.0 -9999.0 -9999.0 -9999.0 -9999.00 U -9999.0 -9999.0 -9999.0 -9999.0 -9999.0 -9999.0 -99.000 -99.000 -99.000 -99.000 -99.000 -9999.0 -9999.0 -9999.0 -9999.0 -9999.0
26565 20160411 -9.000 -148.46   70.16 -9999.0 -9999.0 -9999.0 -9999.0 -9999.0 -9999.00 U -9999.0 -9999.0 -9999.0 -9999.0 -9999.0 -9999.0 -99.000 -99.000 -99.000 -99.000 -99.000 -9999.0 -9999.0 -9999.0 -9999.0 -9999.0
26565 20160412 -9.000 -148.46   70.16 -9999.0 -9999.0 -9999.0 -9999.0 -9999.0 -9999.00 U -9999.0 -9999.0 -9999.0 -9999.0 -9999.0 -9999.0 -99.000 -99.000 -99.000 -99.000 -99.000 -9999.0 -9999.0 -9999.0 -9999.0 -9999.0
26565 20160413 -9.000 -148.46   70.16 -9999.0 -9999.0 -9999.0 -9999.0 -9999.0 -9999.00 U -9999.0 -9999.0 -9999.0 -9999.0 -9999.0 -9999.0 -99.000 -99.000 -99.000 -99.000 -99.000 -9999.0 -9999.0 -9999.0 -9999.0 -9999.0
26565 20160414 -9.000 -148.46   70.16 -9999.0 -9999.0 -9999.0 -9999.0 -9999.0 -9999.00 U -9999.0 -9999.0 -9999.0 -9999.0 -9999.0 -9999.0 -99.000 -99.000 -99.000 -99.000 -99.000 -9999.0 -9999.0 -9999.0 -9999.0 -9999.0
26565 20160415 -9.000 -148.46   70.16 -9999.0 -9999.0 -9999.0 -9999.0 -9999.0 -9999.00 U -9999.0 -9999.0 -9999.0 -9999.0 -9999.0 -9999.0 -99.000 -99.000 -99.000 -99.000 -99.000 -9999.0 -9999.0 -9999.0 -9999.0 -9999.0
26565 20160416 -9.000 -148.46   70.16 -9999.0 -9999.0 -9999.0 -9999.0 -9999.0 -9999.00 U -9999.0 -9999.0 -9999.0 -9999.0 -9999.0 -9999.0 -99.000 -99.000 -99.000 -99.000 -99.000 -9999.0 -9999.0 -9999.0 -9999.0 -9999.0
26565 20160417 -9.000 -148.46   70.16 -9999.0 -9999.0 -9999.0 -9999.0 -9999.0 -9999.00 U -9999.0 -9999.0 -9999.0 -9999.0 -9999.0 -9999.0 -99.000 -99.000 -99.000 -99.000 -99.000 -9999.0 -9999.0 -9999.0 -9999.0 -9999.0
26565 20160418 -9.000 -148.46   70.16 -9999.0 -9999.0 -9999.0 -9999.0 -9999.0 -9999.00 U -9999.0 -9999.0 -9999.0 -9999.0 -9999.0 -9999.0 -99.000 -99.000 -99.000 -99.000 -99.000 -9999.0 -9999.0 -9999.0 -9999.0 -9999.0
26565 20160419 -9.000 -148.46   70.16 -9999.0 -9999.0 -9999.0 -9999.0 -9999.0 -9999.00 U -9999.0 -9999.0 -9999.0 -9999.0 -9999.0 -9999.0 -99.000 -99.000 -99.000 -99.000 -99.000 -9999.0 -9999.0 -9999.0 -9999.0 -9999.0
26565 20160420 -9.000 -148.46   70.16 -9999.0 -9999.0 -9999.0 -9999.0 -9999.0 -9999.00 U -9999.0 -9999.0 -9999.0 -9999.0 -9999.0 -9999.0 -99.000 -99.000 -99.000 -99.000 -99.000 -9999.0 -9999.0 -9999.0 -9999.0 -9999.0
26565 20160421 -9.000 -148.46   70.16 -9999.0 -9999.0 -9999.0 -9999.0 -9999.0 -9999.00 U -9999.0 -9999.0 -9999.0 -9999.0 -9999.0 -9999.0 -99.000 -99.000 -99.000 -99.000 -99.000 -9999.0 -9999.0 -9999.0 -9999.0 -9999.0
26565 20160422 -9.000 -148.46   70.16 -9999.0 -9999.0 -9999.0 -9999.0 -9999.0 -9999.00 U -9999.0 -9999.0 -9999.0 -9999.0 -9999.0 -9999.0 -99.000 -99.000 -99.000 -99.000 -99.000 -9999.0 -9999.0 -9999.0 -9999.0 -9999.0
26565 20160423 -9.000 -148.46   70.16 -9999.0 -9999.0 -9999.0 -9999.0 -9999.0 -9999.00 U -9999.0 -9999.0 -9999.0 -9999.0 -9999.0 -9999.0 -99.000 -99.000 -99.000 -99.000 -99.000 -9999.0 -9999.0 -9999.0 -9999.0 -9999.0
26565 20160424 -9.000 -148.46   70.16 -9999.0 -9999.0 -9999.0 -9999.0 -9999.0 -9999.00 U -9999.0 -9999.0 -9999.0 -9999.0 -9999.0 -9999.0 -99.000 -99.000 -99.000 -99.000 -99.000 -9999.0 -9999.0 -9999.0 -9999.0 -9999.0
26565 20160425 -9.000 -148.46   70.16 -9999.0 -9999.0 -9999.0 -9999.0 -9999.0 -9999.00 U -9999.0 -9999.0 -9999.0 -9999.0 -9999.0 -9999.0 -99.000 -99.000 -99.000 -99.000 -99.000 -9999.0 -9999.0 -9999.0 -9999.0 -9999.0
26565 20160426 -9.000 -148.46   70.16 -9999.0 -9999.0 -9999.0 -9999.0 -9999.0 -9999.00 U -9999.0 -9999.0 -9999.0 -9999.0 -9999.0 -9999.0 -99.000 -99.000 -99.000 -99.000 -99.000 -9999.0 -9999.0 -9999.0 -9999.0 -9999.0
26565 20160427 -9.000 -148.46   70.16 -9999.0 -9999.0 -9999.0 -9999.0 -9999.0 -9999.00 U -9999.0 -9999.0 -9999.0 -9999.0 -9999.0 -9999.0 -99.000 -99.000 -99.000 -99.000 -99.000 -9999.0 -9999.0 -9999.0 -9999.0 -9999.0
26565 20160428 -9.000 -148.46   70.16 -9999.0 -9999.0 -9999.0 -9999.0 -9999.0 -9999.00 U -9999.0 -9999.0 -9999.0 -9999.0 -9999.0 -9999.0 -99.000 -99.000 -99.000 -99.000 -99.000 -9999.0 -9999.0 -9999.0 -9999.0 -9999.0
26565 20160429  2.514 -148.46   70.16 -9999.0 -9999.0 -9999.0 -9999.0 -9999.0 -9999.00 U -9999.0 -9999.0 -9999.0 -9999.0 -9999.0 -9999.0 -99.000 -99.000 -99.000 -99.000 -99.000 -9999.0 -9999.0 -9999.0 -9999.0 -9999.0
26565 20160430  2.514 -148.46   70.16 -9999.0 -9999.0 -9999.0 -9999.0     1.5    13.28 C    -0.7    -5.3    -3.1 -9999.0 -9999.0 -9999.0 -99.000 -99.000 -99.000 -99.000 -99.000 -9999.0 -9999.0 -9999.0 -9999.0 -9999.0
26565 20160501  2.514 -148.46   70.16    -2.5    -4.0    -3.3    -3.3     1.7    13.44 C    -0.7    -4.2    -3.0    98.7    85.3    93.2 -99.000 -99.000 -99.000 -99.000 -99.000 -9999.0 -9999.0 -9999.0 -9999.0 -9999.0
26565 20160502  2.514 -148.46   70.16    -1.1    -4.4    -2.7    -2.9     1.1    13.42 C    -0.8    -4.5    -2.8    98.5    87.5    93.9 -99.000 -99.000 -99.000 -99.000 -99.000 -9999.0 -9999.0 -9999.0 -9999.0 -9999.0
26565 20160503  2.514 -148.46   70.16    -2.0    -4.8    -3.4    -2.7     1.1    13.94 C    -0.6    -5.3    -2.4    98.0    82.0    94.8 -99.000 -99.000 -99.000 -99.000 -99.000 -9999.0 -9999.0 -9999.0 -9999.0 -9999.0
26565 20160504  2.514 -148.46   70.16    -4.4   -10.1    -7.2    -6.4     2.4    16.22 C    -3.6    -9.5    -5.4    97.3    91.0    94.6 -99.000 -99.000 -99.000 -99.000 -99.000 -9999.0 -9999.0 -9999.0 -9999.0 -9999.0
26565 20160505  2.514 -148.46   70.16    -6.3   -10.0    -8.1    -8.0     2.0    15.98 C    -4.6    -9.6    -6.9    95.1    85.6    91.4 -99.000 -99.000 -99.000 -99.000 -99.000 -9999.0 -9999.0 -9999.0 -9999.0 -9999.0
26565 20160506  2.514 -148.46   70.16    -5.6    -8.4    -7.0    -7.2     2.8    14.73 C    -4.6    -8.2    -6.6    97.3    92.3    94.7 -99.000 -99.000 -99.000 -99.000 -99.000 -9999.0 -9999.0 -9999.0 -9999.0 -9999.0
26565 20160507  2.514 -148.46   70.16    -4.6    -7.0    -5.8    -5.8     1.5    15.02 C    -2.8    -6.9    -5.2    97.4    93.4    95.6 -99.000 -99.000 -99.000 -99.000 -99.000 -9999.0 -9999.0 -9999.0 -9999.0 -9999.0
26565 20160508  2.514 -148.46   70.16    -3.0    -7.4    -5.2    -5.3     1.3    17.83 C    -1.0    -8.1    -4.5    99.2    93.3    96.0 -99.000 -99.000 -99.000 -99.000 -99.000 -9999.0 -9999.0 -9999.0 -9999.0 -9999.0
26565 20160509  2.514 -148.46   70.16    -1.5   -10.8    -6.2    -5.3     3.0    21.73 C     0.2   -11.9    -4.9    99.6    90.4    95.4 -99.000 -99.000 -99.000 -99.000 -99.000 -9999.0 -9999.0 -9999.0 -9999.0 -9999.0
26565 20160510  2.514 -148.46   70.16     1.4    -6.8    -2.7    -1.3     3.5    23.82 C     0.5    -8.4    -2.1    97.3    92.0    94.6 -99.000 -99.000 -99.000 -99.000 -99.000 -9999.0 -9999.0 -9999.0 -9999.0 -9999.0
26565 20160511  2.514 -148.46   70.16     4.6    -2.0     1.3     1.6     0.0    17.00 C     1.0    -2.9    -0.3    97.3    77.0    87.2 -99.000 -99.000 -99.000 -99.000 -99.000 -9999.0 -9999.0 -9999.0 -9999.0 -9999.0
26565 20160512  2.514 -148.46   70.16     5.5     0.6     3.0     2.6     0.9    21.34 C     0.8    -0.5     0.3   100.0    82.6    90.6 -99.000 -99.000 -99.000 -99.000 -99.000 -9999.0 -9999.0 -9999.0 -9999.0 -9999.0
26565 20160513  2.514 -148.46   70.16     4.6     0.1     2.3     2.1     1.1    12.96 C     1.1    -0.5     0.3   100.0    87.2    96.3 -99.000 -99.000 -99.000 -99.000 -99.000 -9999.0 -9999.0 -9999.0 -9999.0 -9999.0
26565 20160514  2.514 -148.46   70.16     1.7    -0.9     0.4     0.3     0.2    13.61 C     0.5    -1.2    -0.3    98.3    75.4    87.0 -99.000 -99.000 -99.000 -99.000 -99.000 -9999.0 -9999.0 -9999.0 -9999.0 -9999.0
26565 20160515  2.514 -148.46   70.16     0.1    -3.0    -1.4    -1.1     0.4    11.33 C     0.1    -2.9    -1.0    96.6    79.5    89.0 -99.000 -99.000 -99.000 -99.000 -99.000 -9999.0 -9999.0 -9999.0 -9999.0 -9999.0
26565 20160516  2.514 -148.46   70.16     0.5    -3.3    -1.4    -1.8     1.2    18.21 C     0.3    -3.2    -1.5    95.0    80.6    87.9 -99.000 -99.000 -99.000 -99.000 -99.000 -9999.0 -9999.0 -9999.0 -9999.0 -9999.0
26565 20160517  2.514 -148.46   70.16     0.6    -3.4    -1.4    -1.4     0.3    18.32 C     0.2    -3.3    -1.6    90.8    75.9    84.3 -99.000 -99.000 -99.000 -99.000 -99.000 -9999.0 -9999.0 -9999.0 -9999.0 -9999.0
26565 20160518  2.514 -148.46   70.16     0.9    -2.3    -0.7    -1.0     0.6    17.45 C     0.3    -3.3    -1.2    94.3    79.9    86.1 -99.000 -99.000 -99.000 -99.000 -99.000 -9999.0 -9999.0 -9999.0 -9999.0 -9999.0
26565 20160519  2.514 -148.46   70.16     2.8    -2.3     0.3    -0.3     1.2    22.71 C     0.6    -2.0    -0.5   100.0    79.3    89.4 -99.000 -99.000 -99.000 -99.000 -99.000 -9999.0 -9999.0 -9999.0 -9999.0 -9999.0
26565 20160520  2.514 -148.46   70.16     2.1    -3.5    -0.7    -1.1     1.5    22.44 C     0.4    -2.4    -0.7    99.9    81.5    95.0 -99.000 -99.000 -99.000 -99.000 -99.000 -9999.0 -9999.0 -9999.0 -9999.0 -9999.0
26565 20160521  2.514 -148.46   70.16     4.7    -2.6     1.1     1.4     1.9    19.69 C     0.9    -2.2    -0.2   100.0    80.8    90.7 -99.000 -99.000 -99.000 -99.000 -99.000 -9999.0 -9999.0 -9999.0 -9999.0 -9999.0
26565 20160522  2.514 -148.46   70.16     2.4     0.5     1.5     1.5     3.7     7.65 C     0.7    -0.1     0.3   100.0    95.7    98.4 -99.000 -99.000 -99.000 -99.000 -99.000 -9999.0 -9999.0 -9999.0 -9999.0 -9999.0
26565 20160523  2.514 -148.46   70.16     4.5     0.1     2.3     2.4     0.4    12.27 C     1.1    -0.1     0.6   100.0    84.0    96.7 -99.000 -99.000 -99.000 -99.000 -99.000 -9999.0 -9999.0 -9999.0 -9999.0 -9999.0
26565 20160524  2.514 -148.46   70.16     3.3    -0.4     1.5     0.8     2.5    10.56 C     1.3    -0.2     0.3   100.0    89.1    96.5 -99.000 -99.000 -99.000 -99.000 -99.000 -9999.0 -9999.0 -9999.0 -9999.0 -9999.0
26565 20160525  2.514 -148.46   70.16     4.4    -1.8     1.3     1.1     0.4     7.55 C     1.9    -1.1     0.5   100.0    89.2    98.6 -99.000 -99.000 -99.000 -99.000 -99.000 -9999.0 -9999.0 -9999.0 -9999.0 -9999.0
26565 20160526  2.514 -148.46   70.16     2.3    -1.1     0.6     0.5     0.3    13.07 C     3.1    -0.6     0.9   100.0    82.1    92.3 -99.000 -99.000 -99.000 -99.000 -99.000 -9999.0 -9999.0 -9999.0 -9999.0 -9999.0
26565 20160527  2.514 -148.46   70.16     2.8    -1.3     0.8     0.6     0.3    20.49 C     8.3    -0.8     2.4    99.7    76.9    87.2 -99.000 -99.000 -99.000 -99.000 -99.000 -9999.0 -9999.0 -9999.0 -9999.0 -9999.0
26565 20160528  2.514 -148.46   70.16     2.5    -1.6     0.5     0.5     0.4    27.76 C     8.4    -2.1     2.3    92.1    78.0    84.1 -99.000 -99.000 -99.000 -99.000 -99.000 -9999.0 -9999.0 -9999.0 -9999.0 -9999.0
26565 20160529  2.514 -148.46   70.16     2.3    -2.0     0.1    -0.2     0.0    22.52 C     7.6    -2.5     1.4    96.7    79.4    86.5 -99.000 -99.000 -99.000 -99.000 -99.000 -9999.0 -9999.0 -9999.0 -9999.0 -9999.0
26565 20160530  2.514 -148.46   70.16     6.1    -1.7     2.2     1.4     0.6    22.84 C    11.4    -1.1     4.0   100.0    80.4    93.2 -99.000 -99.000 -99.000 -99.000 -99.000 -9999.0 -9999.0 -9999.0 -9999.0 -9999.0
26565 20160531  2.514 -148.46   70.16     1.1    -2.4    -0.6    -0.6     0.4    11.36 C     5.0    -1.5     1.3   100.0    87.0    94.2 -99.000 -99.000 -99.000 -99.000 -99.000 -9999.0 -9999.0 -9999.0 -9999.0 -9999.0
26565 20160601  2.514 -148.46   70.16    -0.4    -2.4    -1.4    -1.4     0.2     9.86 C     4.6    -1.7     0.2    95.8    75.7    84.8 -99.000 -99.000 -99.000 -99.000 -99.000 -9999.0 -9999.0 -9999.0 -9999.0 -9999.0
26565 20160602  2.514 -148.46   70.16     1.2    -2.8    -0.8    -1.1     1.3    12.16 C     7.0    -1.8     1.0    94.2    58.6    81.1 -99.000 -99.000 -99.000 -99.000 -99.000 -9999.0 -9999.0 -9999.0 -9999.0 -9999.0
26565 20160603  2.514 -148.46   70.16     3.6    -3.1     0.2     0.4     1.4    20.11 C    13.2    -2.1     3.2    96.5    57.7    79.3 -99.000 -99.000 -99.000 -99.000 -99.000 -9999.0 -9999.0 -9999.0 -9999.0 -9999.0
26565 20160604  2.514 -148.46   70.16    12.1    -2.8     4.6     5.0     6.3    19.13 C    14.4    -3.2     5.4    98.1    45.7    73.4 -99.000 -99.000 -99.000 -99.000 -99.000 -9999.0 -9999.0 -9999.0 -9999.0 -9999.0
26565 20160605  2.514 -148.46   70.16     7.3    -0.9     3.2     1.2     5.7     9.03 C     5.9    -0.6     1.6    97.9    77.9    91.7 -99.000 -99.000 -99.000 -99.000 -99.000 -9999.0 -9999.0 -9999.0 -9999.0 -9999.0
26565 20160606  2.514 -148.46   70.16     7.3    -1.7     2.8     2.4     0.0    21.37 C    14.9    -1.0     4.7    94.2    50.3    72.1 -99.000 -99.000 -99.000 -99.000 -99.000 -9999.0 -9999.0 -9999.0 -9999.0 -9999.0
26565 20160607  2.514 -148.46   70.16     7.4     0.1     3.7     3.0     1.2     8.06 C     6.2    -0.3     2.9    99.4    72.1    87.5 -99.000 -99.000 -99.000 -99.000 -99.000 -9999.0 -9999.0 -9999.0 -9999.0 -9999.0
26565 20160608  2.514 -148.46   70.16     4.4     0.0     2.2     1.5     1.7    14.08 C     8.5    -0.4     2.2   100.0    58.1    83.8 -99.000 -99.000 -99.000 -99.000 -99.000 -9999.0 -9999.0 -9999.0 -9999.0 -9999.0
26565 20160609  2.514 -148.46   70.16     1.7    -0.8     0.4     0.3     2.0     9.08 C     2.2    -0.8     0.6    97.9    80.8    92.7 -99.000 -99.000 -99.000 -99.000 -99.000 -9999.0 -9999.0 -9999.0 -9999.0 -9999.0
26565 20160610  2.514 -148.46   70.16     4.4    -2.0     1.2     0.6     0.0    20.52 C    14.5    -1.5     3.2    98.3    63.9    83.8 -99.000 -99.000 -99.000 -99.000 -99.000 -9999.0 -9999.0 -9999.0 -9999.0 -9999.0
26565 20160611  2.514 -148.46   70.16    18.9     0.0     9.5    10.5     0.0    29.87 C    22.9    -0.8    11.3    94.7    31.1    62.3 -99.000 -99.000 -99.000 -99.000 -99.000 -9999.0 -9999.0 -9999.0 -9999.0 -9999.0
26565 20160612  2.514 -148.46   70.16    16.9     6.4    11.7    12.4     0.3    25.42 C    21.8     3.4    12.2    91.9    36.1    61.4 -99.000 -99.000 -99.000 -99.000 -99.000 -9999.0 -9999.0 -9999.0 -9999.0 -9999.0
26565 20160613  2.514 -148.46   70.16    10.9     3.7     7.3     6.8     0.3    12.47 C    12.4     3.2     7.2    95.9    61.0    80.6 -99.000 -99.000 -99.000 -99.000 -99.000 -9999.0 -9999.0 -9999.0 -9999.0 -9999.0
26565 20160614  2.514 -148.46   70.16     6.9     2.6     4.7     4.0     0.0    20.19 C    15.9     2.3     6.6    88.5    74.7    82.2 -99.000 -99.000 -99.000 -99.000 -99.000 -9999.0 -9999.0 -9999.0 -9999.0 -9999.0
26565 20160615  2.514 -148.46   70.16    13.3     1.2     7.3     6.4     0.6    20.59 C    17.6     1.7     8.1    97.7    64.3    84.3 -99.000 -99.000 -99.000 -99.000 -99.000 -9999.0 -9999.0 -9999.0 -9999.0 -9999.0
26565 20160616  2.514 -148.46   70.16     3.8    -1.4     1.2     1.3     0.0    26.23 C    12.7    -0.5     5.0   100.0    74.3    87.2 -99.000 -99.000 -99.000 -99.000 -99.000 -9999.0 -9999.0 -9999.0 -9999.0 -9999.0
26565 20160617  2.514 -148.46   70.16    10.7     0.3     5.5     5.1     0.0    29.76 C    15.2    -0.7     7.0    95.5    71.0    82.5 -99.000 -99.000 -99.000 -99.000 -99.000 -9999.0 -9999.0 -9999.0 -9999.0 -9999.0
26565 20160618  2.514 -148.46   70.16    18.2     2.9    10.5     9.4     3.6    14.41 C    20.9     2.1     9.6    98.8    56.1    86.2 -99.000 -99.000 -99.000 -99.000 -99.000 -9999.0 -9999.0 -9999.0 -9999.0 -9999.0
26565 20160619  2.514 -148.46   70.16    11.2     5.7     8.5     8.0     3.3    14.72 C    16.0     6.2     9.4    99.7    85.7    94.0 -99.000 -99.000 -99.000 -99.000 -99.000 -9999.0 -9999.0 -9999.0 -9999.0 -9999.0
26565 20160620  2.514 -148.46   70.16    10.6     3.6     7.1     6.9     5.4    19.43 C    17.6     4.0     9.6    98.9    84.4    92.6 -99.000 -99.000 -99.000 -99.000 -99.000 -9999.0 -9999.0 -9999.0 -9999.0 -9999.0
26565 20160621  2.514 -148.46   70.16     4.1    -0.1     2.0     1.3    13.4     9.55 C     5.9     0.9     2.8    98.6    85.9    93.3 -99.000 -99.000 -99.000 -99.000 -99.000 -9999.0 -9999.0 -9999.0 -9999.0 -9999.0
26565 20160622  2.514 -148.46   70.16     6.4    -0.6     2.9     3.3     0.0    27.14 C    14.4     0.4     6.5    96.1    70.9    80.6 -99.000 -99.000 -99.000 -99.000 -99.000 -9999.0 -9999.0 -9999.0 -9999.0 -9999.0
26565 20160623  2.514 -148.46   70.16    16.3     1.6     9.0     9.5     0.0    30.69 C    20.6     1.0    11.5    96.1    57.8    78.4 -99.000 -99.000 -99.000 -99.000 -99.000 -9999.0 -9999.0 -9999.0 -9999.0 -9999.0
26565 20160624  2.514 -148.46   70.16    19.3     6.1    12.7    13.5     0.0    30.25 C    23.8     4.9    15.2    93.7    39.6    65.9 -99.000 -99.000 -99.000 -99.000 -99.000 -9999.0 -9999.0 -9999.0 -9999.0 -9999.0
26565 20160625  2.514 -148.46   70.16     9.5     1.8     5.6     5.6     2.4     8.46 C    11.0     2.9     7.3   100.0    87.5    96.5 -99.000 -99.000 -99.000 -99.000 -99.000 -9999.0 -9999.0 -9999.0 -9999.0 -9999.0
26565 20160626  2.514 -148.46   70.16    18.0     1.6     9.8     7.8     3.1    20.62 C    24.1     2.5    10.3   100.0    55.1    88.4 -99.000 -99.000 -99.000 -99.000 -99.000 -9999.0 -9999.0 -9999.0 -9999.0 -9999.0
26565 20160627  2.514 -148.46   70.16     8.4     3.3     5.9     5.7     0.0    11.95 C    11.6     3.0     6.9    94.2    66.0    82.1 -99.000 -99.000 -99.000 -99.000 -99.000 -9999.0 -9999.0 -9999.0 -9999.0 -9999.0
26565 20160628  2.514 -148.46   70.16    23.9     3.5    13.7    14.8     0.0    24.89 C    22.0     2.5    13.4    96.1    30.3    61.2 -99.000 -99.000 -99.000 -99.000 -99.000 -9999.0 -9999.0 -9999.0 -9999.0 -9999.0
26565 20160629  2.514 -148.46   70.16     9.7     2.0     5.9     5.7     0.0    14.54 C    17.6     3.2     8.4    99.4    80.4    89.7 -99.000 -99.000 -99.000 -99.000 -99.000 -9999.0 -9999.0 -9999.0 -9999.0 -9999.0
26565 20160630  2.514 -148.46   70.16     7.4     1.5     4.4     4.1     0.0    21.55 C    12.5     2.3     6.6   100.0    80.7    93.3 -99.000 -99.000 -99.000 -99.000 -99.000 -9999.0 -9999.0 -9999.0 -9999.0 -9999.0
26565 20160701  2.514 -148.46   70.16    10.6     3.8     7.2     7.1     0.0    24.53 C    19.1     4.3    10.8   100.0    78.5    90.5 -99.000 -99.000 -99.000 -99.000 -99.000 -9999.0 -9999.0 -9999.0 -9999.0 -9999.0
26565 20160702  2.514 -148.46   70.16    14.6     4.2     9.4    10.2     0.0    29.20 C    21.7     3.8    13.2    98.9    64.1    81.4 -99.000 -99.000 -99.000 -99.000 -99.000 -9999.0 -9999.0 -9999.0 -9999.0 -9999.0
26565 20160703  2.514 -148.46   70.16    12.3     4.1     8.2     8.4     0.0    22.91 C    19.1     4.8    10.5    99.3    70.1    85.6 -99.000 -99.000 -99.000 -99.000 -99.000 -9999.0 -9999.0 -9999.0 -9999.0 -9999.0
26565 20160704  2.514 -148.46   70.16    10.9     4.0     7.5     6.6     0.0    21.39 C    18.5     4.6     9.6    99.7    80.7    93.1 -99.000 -99.000 -99.000 -99.000 -99.000 -9999.0 -9999.0 -9999.0 -9999.0 -9999.0
26565 20160705  2.514 -148.46   70.16    12.3     5.0     8.6     8.0     0.0    13.23 C    18.1     5.7     9.9    98.8    72.4    88.1 -99.000 -99.000 -99.000 -99.000 -99.000 -9999.0 -9999.0 -9999.0 -9999.0 -9999.0
26565 20160706  2.514 -148.46   70.16    10.5     3.5     7.0     7.4     0.0    21.23 C    16.7     4.3    10.1    98.9    76.5    90.2 -99.000 -99.000 -99.000 -99.000 -99.000 -9999.0 -9999.0 -9999.0 -9999.0 -9999.0
26565 20160707  2.514 -148.46   70.16    15.8     3.5     9.7     9.0     0.0    17.75 C    22.2     4.1    11.3    99.6    68.1    89.0 -99.000 -99.000 -99.000 -99.000 -99.000 -9999.0 -9999.0 -9999.0 -9999.0 -9999.0
26565 20160708  2.514 -148.46   70.16    11.5     5.1     8.3     8.0     0.0    23.34 C    20.8     6.0    11.8    99.8    75.9    88.4 -99.000 -99.000 -99.000 -99.000 -99.000 -9999.0 -9999.0 -9999.0 -9999.0 -9999.0
26565 20160709  2.514 -148.46   70.16    12.6     4.0     8.3     8.2     0.3    21.27 C    20.0     5.1    11.1   100.0    79.7    91.4 -99.000 -99.000 -99.000 -99.000 -99.000 -9999.0 -9999.0 -9999.0 -9999.0 -9999.0
26565 20160710  2.514 -148.46   70.16    19.6     6.6    13.1    13.3     0.0    26.95 C    24.9     5.8    15.5    98.8    66.8    82.6 -99.000 -99.000 -99.000 -99.000 -99.000 -9999.0 -9999.0 -9999.0 -9999.0 -9999.0
26565 20160711  2.514 -148.46   70.16    14.7     6.5    10.6    10.5     0.0    15.88 C    20.9     7.4    12.6    98.5    73.7    86.4 -99.000 -99.000 -99.000 -99.000 -99.000 -9999.0 -9999.0 -9999.0 -9999.0 -9999.0
26565 20160712  2.514 -148.46   70.16    23.5     8.8    16.2    14.4     0.0    24.26 C    29.8     7.4    15.9    96.2    39.5    74.9 -99.000 -99.000 -99.000 -99.000 -99.000 -9999.0 -9999.0 -9999.0 -9999.0 -9999.0
26565 20160713  2.514 -148.46   70.16    28.6     7.8    18.2    19.9     0.0    26.90 C    31.8     5.9    20.5    98.9    30.7    64.7 -99.000 -99.000 -99.000 -99.000 -99.000 -9999.0 -9999.0 -9999.0 -9999.0 -9999.0
26565 20160714  2.514 -148.46   70.16    27.6    14.0    20.8    19.7     0.0    26.72 C    32.0    12.7    21.0    90.9    30.8    65.4 -99.000 -99.000 -99.000 -99.000 -99.000 -9999.0 -9999.0 -9999.0 -9999.0 -9999.0
26565 20160715  2.514 -148.46   70.16    25.4     6.4    15.9    15.3     0.2    20.26 C    26.2     7.2    15.3    87.5    38.5    68.0 -99.000 -99.000 -99.000 -99.000 -99.000 -9999.0 -9999.0 -9999.0 -9999.0 -9999.0
26565 20160716  2.514 -148.46   70.16    18.2     7.3    12.8    12.3     0.0    18.01 C    19.0     6.3    12.5    93.9    40.3    66.6 -99.000 -99.000 -99.000 -99.000 -99.000 -9999.0 -9999.0 -9999.0 -9999.0 -9999.0
26565 20160717  2.514 -148.46   70.16    14.9     6.2    10.5    11.3     1.8    18.41 C    17.9     5.3    12.0    98.6    48.8    76.7 -99.000 -99.000 -99.000 -99.000 -99.000 -9999.0 -9999.0 -9999.0 -9999.0 -9999.0
26565 20160718  2.514 -148.46   70.16     7.5     3.6     5.6     5.5     1.8    10.57 C     9.8     3.6     6.3   100.0    72.0    91.6 -99.000 -99.000 -99.000 -99.000 -99.000 -9999.0 -9999.0 -9999.0 -9999.0 -9999.0
26565 20160719  2.514 -148.46   70.16     5.6     0.8     3.2     3.2     1.4     5.94 C     6.7     0.9     3.6    97.0    77.3    88.8 -99.000 -99.000 -99.000 -99.000 -99.000 -9999.0 -9999.0 -9999.0 -9999.0 -9999.0
26565 20160720  2.514 -148.46   70.16     9.2    -0.4     4.4     3.6     0.0    21.47 C    19.5    -0.1     6.7    98.7    61.2    83.9 -99.000 -99.000 -99.000 -99.000 -99.000 -9999.0 -9999.0 -9999.0 -9999.0 -9999.0
26565 20160721  2.514 -148.46   70.16     9.2     0.6     4.9     5.4     0.0    25.14 C    18.2     0.8     8.9   100.0    63.9    80.8 -99.000 -99.000 -99.000 -99.000 -99.000 -9999.0 -9999.0 -9999.0 -9999.0 -9999.0
26565 20160722  2.514 -148.46   70.16     4.1     0.5     2.3     2.2     0.0    10.31 C    11.5     1.1     5.1    99.9    80.5    93.1 -99.000 -99.000 -99.000 -99.000 -99.000 -9999.0 -9999.0 -9999.0 -9999.0 -9999.0
26565 20160723  2.514 -148.46   70.16     5.1     0.2     2.7     2.4     0.0    15.48 C    10.9     0.9     4.7    99.9    81.5    93.0 -99.000 -99.000 -99.000 -99.000 -99.000 -9999.0 -9999.0 -9999.0 -9999.0 -9999.0
26565 20160724  2.514 -148.46   70.16     9.8     1.1     5.4     4.9     0.0    21.61 C    14.4     1.6     6.6    99.8    54.6    80.5 -99.000 -99.000 -99.000 -99.000 -99.000 -9999.0 -9999.0 -9999.0 -9999.0 -9999.0
26565 20160725  2.514 -148.46   70.16     7.6     1.4     4.5     4.2     0.0    24.40 C    14.2     0.4     6.4    99.2    62.1    81.9 -99.000 -99.000 -99.000 -99.000 -99.000 -9999.0 -9999.0 -9999.0 -9999.0 -9999.0
26565 20160726  2.514 -148.46   70.16    17.6     1.6     9.6     9.6     0.0    16.89 C    24.4     2.0    11.4   100.0    34.4    72.6 -99.000 -99.000 -99.000 -99.000 -99.000 -9999.0 -9999.0 -9999.0 -9999.0 -9999.0
26565 20160727  2.514 -148.46   70.16    24.3     8.5    16.4    15.1     7.3    13.47 C    27.9     5.7    14.4    97.2    38.7    72.0 -99.000 -99.000 -99.000 -99.000 -99.000 -9999.0 -9999.0 -9999.0 -9999.0 -9999.0
26565 20160728  2.514 -148.46   70.16    15.2     4.2     9.7     9.1     9.2     7.85 C    16.0     2.0     9.2    98.7    72.0    91.9 -99.000 -99.000 -99.000 -99.000 -99.000 -9999.0 -9999.0 -9999.0 -9999.0 -9999.0
26565 20160729  2.514 -148.46   70.16    10.9     2.3     6.6     6.6     1.6    12.92 C    14.9     1.2     7.4    97.9    62.5    81.9 -99.000 -99.000 -99.000 -99.000 -99.000 -9999.0 -9999.0 -9999.0 -9999.0 -9999.0
26565 20160730  2.514 -148.46   70.16    11.5     1.1     6.3     7.3     0.0    14.73 C    16.0     0.0     7.9    99.5    52.3    79.6 -99.000 -99.000 -99.000 -99.000 -99.000 -9999.0 -9999.0 -9999.0 -9999.0 -9999.0
26565 20160731  2.514 -148.46   70.16    10.8     2.7     6.7     6.9     0.6    13.32 C    13.4     2.6     7.5    98.3    54.1    75.9 -99.000 -99.000 -99.000 -99.000 -99.000 -9999.0 -9999.0 -9999.0 -9999.0 -9999.0
26565 20160801  2.514 -148.46   70.16    17.1    10.1    13.6    12.5     0.0     7.79 C    17.0     8.5    11.4    81.9    42.1    65.8 -99.000 -99.000 -99.000 -99.000 -99.000 -9999.0 -9999.0 -9999.0 -9999.0 -9999.0
26565 20160802  2.514 -148.46   70.16    11.2    -0.8     5.2     4.5     1.5    10.40 C     9.9    -1.5     5.4    97.8    71.1    85.0 -99.000 -99.000 -99.000 -99.000 -99.000 -9999.0 -9999.0 -9999.0 -9999.0 -9999.0
26565 20160803  2.514 -148.46   70.16     4.2    -1.3     1.4     2.4     0.0    10.44 C    11.6    -2.5     4.2    99.6    70.5    84.9 -99.000 -99.000 -99.000 -99.000 -99.000 -9999.0 -9999.0 -9999.0 -9999.0 -9999.0
26565 20160804  2.514 -148.46   70.16     4.6     0.5     2.6     2.2     0.0    13.74 C    13.1    -0.3     4.7    99.1    73.3    84.4 -99.000 -99.000 -99.000 -99.000 -99.000 -9999.0 -9999.0 -9999.0 -9999.0 -9999.0
26565 20160805  2.514 -148.46   70.16     8.2     0.8     4.5     4.6     0.0    21.77 C    12.5     1.2     6.1    98.1    69.5    85.5 -99.000 -99.000 -99.000 -99.000 -99.000 -9999.0 -9999.0 -9999.0 -9999.0 -9999.0
26565 20160806  2.514 -148.46   70.16    18.3     1.8    10.0    10.8     0.0    22.85 C    22.2     1.6    11.7    99.9    33.7    69.8 -99.000 -99.000 -99.000 -99.000 -99.000 -9999.0 -9999.0 -9999.0 -9999.0 -9999.0
26565 20160807  2.514 -148.46   70.16    18.8     3.7    11.2    11.6     0.0    19.47 C    23.4     0.8    12.1   100.0    39.6    73.9 -99.000 -99.000 -99.000 -99.000 -99.000 -9999.0 -9999.0 -9999.0 -9999.0 -9999.0
26565 20160808  2.514 -148.46   70.16    12.5     4.3     8.4     8.1     0.0    14.01 C    18.0     3.7     9.6    98.7    64.9    86.8 -99.000 -99.000 -99.000 -99.000 -99.000 -9999.0 -9999.0 -9999.0 -9999.0 -9999.0
26565 20160809  2.514 -148.46   70.16     6.5     4.2     5.4     5.1     4.8     3.62 C     8.2     4.3     5.8    98.6    93.5    96.5 -99.000 -99.000 -99.000 -99.000 -99.000 -9999.0 -9999.0 -9999.0 -9999.0 -9999.0
26565 20160810  2.514 -148.46   70.16     5.1     3.7     4.4     4.2     0.4     4.90 C     7.8     3.8     5.0    98.2    88.6    94.5 -99.000 -99.000 -99.000 -99.000 -99.000 -9999.0 -9999.0 -9999.0 -9999.0 -9999.0
26565 20160811  2.514 -148.46   70.16     5.6     3.2     4.4     4.3     0.0     7.56 C     8.9     3.4     5.3    99.0    89.7    95.0 -99.000 -99.000 -99.000 -99.000 -99.000 -9999.0 -9999.0 -9999.0 -9999.0 -9999.0
26565 20160812  2.514 -148.46   70.16     8.0     3.2     5.6     4.8     0.0    14.27 C    14.0     3.3     6.5    99.6    81.5    94.1 -99.000 -99.000 -99.000 -99.000 -99.000 -9999.0 -9999.0 -9999.0 -9999.0 -9999.0
26565 20160813  2.514 -148.46   70.16     7.2     4.0     5.6     5.3     0.0     8.53 C    10.6     4.1     6.5    99.8    90.6    97.4 -99.000 -99.000 -99.000 -99.000 -99.000 -9999.0 -9999.0 -9999.0 -9999.0 -9999.0
26565 20160814  2.514 -148.46   70.16     9.7     4.6     7.2     6.7     0.4     8.22 C    14.2     4.7     8.1    99.8    81.3    94.6 -99.000 -99.000 -99.000 -99.000 -99.000 -9999.0 -9999.0 -9999.0 -9999.0 -9999.0
26565 20160815  2.514 -148.46   70.16     9.3     5.2     7.2     7.4     0.7     7.69 C    11.6     4.3     8.1   100.0    69.8    89.4 -99.000 -99.000 -99.000 -99.000 -99.000 -9999.0 -9999.0 -9999.0 -9999.0 -9999.0
26565 20160816  2.514 -148.46   70.16     6.0     2.6     4.3     4.5     0.9     8.31 C    10.0     2.6     5.4    97.2    68.5    85.7 -99.000 -99.000 -99.000 -99.000 -99.000 -9999.0 -9999.0 -9999.0 -9999.0 -9999.0
26565 20160817  2.514 -148.46   70.16    15.0     1.3     8.2     8.4     0.0     7.26 C    15.2     0.5     8.0    97.6    50.9    79.3 -99.000 -99.000 -99.000 -99.000 -99.000 -9999.0 -9999.0 -9999.0 -9999.0 -9999.0
26565 20160818  2.514 -148.46   70.16    21.7    10.9    16.3    14.7     1.0     9.69 C    22.5     9.2    13.3    96.2    38.8    65.5 -99.000 -99.000 -99.000 -99.000 -99.000 -9999.0 -9999.0 -9999.0 -9999.0 -9999.0
26565 20160819  2.514 -148.46   70.16    12.3     5.0     8.6     6.9    17.8     4.89 C    10.8     5.8     7.6    99.2    85.4    95.5 -99.000 -99.000 -99.000 -99.000 -99.000 -9999.0 -9999.0 -9999.0 -9999.0 -9999.0
26565 20160820  2.514 -148.46   70.16    12.0     2.6     7.3     5.2     9.4     5.61 C    10.7     2.7     5.9    98.3    81.3    91.2 -99.000 -99.000 -99.000 -99.000 -99.000 -9999.0 -9999.0 -9999.0 -9999.0 -9999.0
26565 20160821  2.514 -148.46   70.16     6.2     2.6     4.4     4.6     2.7     3.91 C     6.5     2.8     4.8    99.9    90.0    96.9 -99.000 -99.000 -99.000 -99.000 -99.000 -9999.0 -9999.0 -9999.0 -9999.0 -9999.0
26565 20160822  2.514 -148.46   70.16     5.5     2.0     3.8     3.3     1.7     5.23 C     5.4     2.0     3.9   100.0    85.0    93.3 -99.000 -99.000 -99.000 -99.000 -99.000 -9999.0 -9999.0 -9999.0 -9999.0 -9999.0
26565 20160823  2.514 -148.46   70.16     4.7     2.2     3.4     3.5     0.0     5.22 C     5.9     2.0     3.8    99.0    84.9    91.6 -99.000 -99.000 -99.000 -99.000 -99.000 -9999.0 -9999.0 -9999.0 -9999.0 -9999.0
26565 20160824  2.514 -148.46   70.16    21.7     3.7    12.7    10.5     0.2    11.22 C    21.7     3.4    10.2    99.7    45.0    84.6 -99.000 -99.000 -99.000 -99.000 -99.000 -9999.0 -9999.0 -9999.0 -9999.0 -9999.0
26565 20160825  2.514 -148.46   70.16    15.1     6.0    10.5    10.5     2.9    10.33 C    17.3     6.2    10.8    99.7    78.5    91.5 -99.000 -99.000 -99.000 -99.000 -99.000 -9999.0 -9999.0 -9999.0 -9999.0 -9999.0
26565 20160826  2.514 -148.46   70.16    14.4     3.7     9.1     9.7     0.0     7.46 C    13.7     4.2     9.6   100.0    64.3    85.4 -99.000 -99.000 -99.000 -99.000 -99.000 -9999.0 -9999.0 -9999.0 -9999.0 -9999.0
26565 20160827  2.514 -148.46   70.16    19.5     6.4    12.9    12.2     0.0    16.17 C    21.0     5.2    12.0    98.8    42.3    76.4 -99.000 -99.000 -99.000 -99.000 -99.000 -9999.0 -9999.0 -9999.0 -9999.0 -9999.0
26565 20160828  2.514 -148.46   70.16    13.7     4.0     8.8     7.6     0.0     7.33 C    15.2     3.8     7.6    99.8    75.9    91.3 -99.000 -99.000 -99.000 -99.000 -99.000 -9999.0 -9999.0 -9999.0 -9999.0 -9999.0
26565 20160829  2.514 -148.46   70.16 -9999.0 -9999.0 -9999.0 -9999.0 -9999.0 -9999.00 U -9999.0 -9999.0 -9999.0 -9999.0 -9999.0 -9999.0 -99.000 -99.000 -99.000 -99.000 -99.000 -9999.0 -9999.0 -9999.0 -9999.0 -9999.0
26565 20160830  2.514 -148.46   70.16 -9999.0 -9999.0 -9999.0 -9999.0 -9999.0 -9999.00 U -9999.0 -9999.0 -9999.0 -9999.0 -9999.0 -9999.0 -99.000 -99.000 -99.000 -99.000 -99.000 -9999.0 -9999.0 -9999.0 -9999.0 -9999.0
26565 20160831  2.514 -148.46   70.16     8.0     2.0     5.0     5.7     1.0     4.83 C     8.2     0.9     6.0    98.6    76.2    90.5 -99.000 -99.000 -99.000 -99.000 -99.000 -9999.0 -9999.0 -9999.0 -9999.0 -9999.0
26565 20160901  2.514 -148.46   70.16     5.8     0.6     3.2     3.8     0.0     4.60 C     7.3     0.0     4.3   100.0    85.0    95.8 -99.000 -99.000 -99.000 -99.000 -99.000 -9999.0 -9999.0 -9999.0 -9999.0 -9999.0
26565 20160902  2.514 -148.46   70.16     5.7    -0.4     2.6     2.7     0.3     5.63 C     8.4     0.0     3.5    99.3    75.4    91.8 -99.000 -99.000 -99.000 -99.000 -99.000 -9999.0 -9999.0 -9999.0 -9999.0 -9999.0
26565 20160903  2.514 -148.46   70.16     9.1     0.8     4.9     4.2     0.0     7.96 C     9.7     0.1     4.4    99.8    63.6    89.9 -99.000 -99.000 -99.000 -99.000 -99.000 -9999.0 -9999.0 -9999.0 -9999.0 -9999.0
26565 20160904  2.514 -148.46   70.16     5.3     2.1     3.7     3.8     0.8     2.53 C     6.1     2.3     4.2    99.7    91.6    96.8 -99.000 -99.000 -99.000 -99.000 -99.000 -9999.0 -9999.0 -9999.0 -9999.0 -9999.0
26565 20160905  2.514 -148.46   70.16     3.6    -0.8     1.4     1.9     1.6     2.59 C     3.4    -1.2     2.0    99.6    71.4    91.4 -99.000 -99.000 -99.000 -99.000 -99.000 -9999.0 -9999.0 -9999.0 -9999.0 -9999.0
26565 20160906  2.514 -148.46   70.16     2.4    -1.7     0.3     0.6     0.0     4.66 C     4.7    -2.0     0.9    95.3    67.6    82.4 -99.000 -99.000 -99.000 -99.000 -99.000 -9999.0 -9999.0 -9999.0 -9999.0 -9999.0
26565 20160907  2.514 -148.46   70.16     2.4     0.0     1.2     1.0     5.1     2.88 C     2.5    -0.2     0.7   100.0    85.8    97.3 -99.000 -99.000 -99.000 -99.000 -99.000 -9999.0 -9999.0 -9999.0 -9999.0 -9999.0
26565 20160908  2.514 -148.46   70.16     8.5     0.5     4.5     4.0     0.0     5.31 C     7.6     0.6     3.5   100.0    70.9    90.0 -99.000 -99.000 -99.000 -99.000 -99.000 -9999.0 -9999.0 -9999.0 -9999.0 -9999.0
26565 20160909  2.514 -148.46   70.16     6.2     2.9     4.6     5.2     0.0     1.86 C     5.4     2.6     4.5    97.3    78.6    88.4 -99.000 -99.000 -99.000 -99.000 -99.000 -9999.0 -9999.0 -9999.0 -9999.0 -9999.0
26565 20160910  2.514 -148.46   70.16     5.6    -0.1     2.7     2.5     4.3     2.18 C     4.3     0.2     2.7    98.3    88.1    93.9 -99.000 -99.000 -99.000 -99.000 -99.000 -9999.0 -9999.0 -9999.0 -9999.0 -9999.0
26565 20160911  2.514 -148.46   70.16     2.2    -0.9     0.7     0.3     0.0     6.90 C     5.9    -0.8     1.2    95.6    66.8    79.8 -99.000 -99.000 -99.000 -99.000 -99.000 -9999.0 -9999.0 -9999.0 -9999.0 -9999.0
26565 20160912  2.514 -148.46   70.16     1.4    -0.2     0.6     0.5     0.0     3.80 C     1.2    -0.5     0.1    93.9    66.9    74.6 -99.000 -99.000 -99.000 -99.000 -99.000 -9999.0 -9999.0 -9999.0 -9999.0 -9999.0
26565 20160913  2.514 -148.46   70.16     0.9    -0.3     0.3     0.4     0.0     2.69 C     0.3    -0.6    -0.1    76.5    63.5    70.7 -99.000 -99.000 -99.000 -99.000 -99.000 -9999.0 -9999.0 -9999.0 -9999.0 -9999.0
26565 20160914  2.514 -148.46   70.16     0.6    -3.0    -1.2    -0.7     0.0     4.47 C     1.5    -2.5    -0.5    96.6    60.6    79.5 -99.000 -99.000 -99.000 -99.000 -99.000 -9999.0 -9999.0 -9999.0 -9999.0 -9999.0
26565 20160915  2.514 -148.46   70.16    -0.2    -3.6    -1.9    -2.1     0.0     7.38 C     3.6    -2.4    -0.7    87.3    61.6    74.1 -99.000 -99.000 -99.000 -99.000 -99.000 -9999.0 -9999.0 -9999.0 -9999.0 -9999.0
26565 20160916  2.514 -148.46   70.16     2.4    -2.7    -0.1    -0.6     0.0     7.04 C     1.6    -1.5    -0.4    92.6    56.7    76.0 -99.000 -99.000 -99.000 -99.000 -99.000 -9999.0 -9999.0 -9999.0 -9999.0 -9999.0
26565 20160917  2.514 -148.46   70.16     5.1    -1.4     1.9     2.0     2.3     3.74 C     4.4    -1.6     1.5    97.7    77.7    90.2 -99.000 -99.000 -99.000 -99.000 -99.000 -9999.0 -9999.0 -9999.0 -9999.0 -9999.0
26565 20160918  2.514 -148.46   70.16     2.5    -2.2     0.2     0.1     0.5     4.67 C     1.4    -2.1    -0.5    93.7    68.3    81.5 -99.000 -99.000 -99.000 -99.000 -99.000 -9999.0 -9999.0 -9999.0 -9999.0 -9999.0
26565 20160919  2.514 -148.46   70.16     5.3     0.1     2.7     2.4     0.0     4.08 C     3.2    -0.7     1.0    94.6    60.0    76.6 -99.000 -99.000 -99.000 -99.000 -99.000 -9999.0 -9999.0 -9999.0 -9999.0 -9999.0
26565 20160920  2.514 -148.46   70.16    11.7     2.2     6.9     6.6     0.0     3.93 C     9.3     1.0     4.5    94.7    56.8    75.3 -99.000 -99.000 -99.000 -99.000 -99.000 -9999.0 -9999.0 -9999.0 -9999.0 -9999.0
26565 20160921  2.514 -148.46   70.16    11.8    -0.2     5.8     5.5     0.0     3.00 C     9.9    -0.8     3.9    97.3    59.4    83.4 -99.000 -99.000 -99.000 -99.000 -99.000 -9999.0 -9999.0 -9999.0 -9999.0 -9999.0
26565 20160922  2.514 -148.46   70.16     6.0    -1.2     2.4     2.8     4.5     2.77 C     5.2    -1.3     2.3    97.9    78.7    93.5 -99.000 -99.000 -99.000 -99.000 -99.000 -9999.0 -9999.0 -9999.0 -9999.0 -9999.0
26565 20160923  2.514 -148.46   70.16     3.2     0.4     1.8     1.8     8.4     2.24 C     3.1    -0.1     1.6    99.5    91.5    96.3 -99.000 -99.000 -99.000 -99.000 -99.000 -9999.0 -9999.0 -9999.0 -9999.0 -9999.0
26565 20160924  2.514 -148.46   70.16     3.4    -3.2     0.1     0.2     0.0     4.01 C     3.8    -2.3     0.1    99.7    82.1    93.9 -99.000 -99.000 -99.000 -99.000 -99.000 -9999.0 -9999.0 -9999.0 -9999.0 -9999.0
26565 20160925  2.514 -148.46   70.16     2.9    -5.6    -1.3    -1.7     0.0     6.60 C     1.6    -3.4    -1.5    96.4    71.7    90.6 -99.000 -99.000 -99.000 -99.000 -99.000 -9999.0 -9999.0 -9999.0 -9999.0 -9999.0
26565 20160926  2.514 -148.46   70.16     1.6    -5.1    -1.8    -1.9     0.0     2.43 C     0.5    -3.6    -1.5    95.9    70.0    87.0 -99.000 -99.000 -99.000 -99.000 -99.000 -9999.0 -9999.0 -9999.0 -9999.0 -9999.0
26565 20160927  2.514 -148.46   70.16     0.5    -6.1    -2.8    -2.2     0.0     4.67 C     0.3    -4.4    -1.8    94.9    53.9    81.2 -99.000 -99.000 -99.000 -99.000 -99.000 -9999.0 -9999.0 -9999.0 -9999.0 -9999.0
26565 20160928  2.514 -148.46   70.16     3.9    -6.1    -1.1     0.4     1.1     1.71 C     1.5    -4.4    -0.3    93.9    62.2    82.0 -99.000 -99.000 -99.000 -99.000 -99.000 -9999.0 -9999.0 -9999.0 -9999.0 -9999.0
26565 20160929  2.514 -148.46   70.16     6.0     0.6     3.3     2.7     3.9     5.28 C     2.8    -0.7     0.8    93.2    63.2    81.1 -99.000 -99.000 -99.000 -99.000 -99.000 -9999.0 -9999.0 -9999.0 -9999.0 -9999.0
26565 20160930  2.514 -148.46   70.16     5.8     2.1     3.9     3.8     4.1     1.44 C     3.4     1.0     1.9    99.9    87.3    94.6 -99.000 -99.000 -99.000 -99.000 -99.000 -9999.0 -9999.0 -9999.0 -9999.0 -9999.0
26565 20161001  2.514 -148.46   70.16     3.2    -1.5     0.8     1.3     0.0     5.81 C     2.6    -1.8     0.7    99.9    84.9    95.3 -99.000 -99.000 -99.000 -99.000 -99.000 -9999.0 -9999.0 -9999.0 -9999.0 -9999.0
26565 20161002  2.514 -148.46   70.16     4.6    -4.5     0.0    -1.1     0.0     7.05 C     2.1    -3.2    -1.2    99.2    68.2    92.0 -99.000 -99.000 -99.000 -99.000 -99.000 -9999.0 -9999.0 -9999.0 -9999.0 -9999.0
26565 20161003  2.514 -148.46   70.16     3.6    -6.2    -1.3    -1.7     0.0     6.30 C     1.9    -4.5    -1.8    97.7    71.1    88.6 -99.000 -99.000 -99.000 -99.000 -99.000 -9999.0 -9999.0 -9999.0 -9999.0 -9999.0
26565 20161004  2.514 -148.46   70.16     1.8    -4.0    -1.1    -1.3     0.0     2.24 C     0.5    -2.9    -1.0    99.0    90.4    95.4 -99.000 -99.000 -99.000 -99.000 -99.000 -9999.0 -9999.0 -9999.0 -9999.0 -9999.0
26565 20161005  2.514 -148.46   70.16     1.8    -0.3     0.7     1.0     0.0     0.94 C     0.9    -0.3     0.3    99.9    92.2    97.1 -99.000 -99.000 -99.000 -99.000 -99.000 -9999.0 -9999.0 -9999.0 -9999.0 -9999.0
26565 20161006  2.514 -148.46   70.16     0.8    -0.6     0.1    -0.1     0.0     1.30 C     0.4    -0.6    -0.2    99.7    91.8    96.9 -99.000 -99.000 -99.000 -99.000 -99.000 -9999.0 -9999.0 -9999.0 -9999.0 -9999.0
26565 20161007  2.514 -148.46   70.16     0.3    -2.9    -1.3    -0.5     0.0     1.60 C     0.0    -2.5    -0.6    97.3    87.8    91.9 -99.000 -99.000 -99.000 -99.000 -99.000 -9999.0 -9999.0 -9999.0 -9999.0 -9999.0
26565 20161008  2.514 -148.46   70.16     1.3    -0.3     0.5     0.3     0.0     1.73 C     1.1    -0.5    -0.1    93.1    83.1    88.5 -99.000 -99.000 -99.000 -99.000 -99.000 -9999.0 -9999.0 -9999.0 -9999.0 -9999.0
26565 20161009  2.514 -148.46   70.16     0.3    -6.5    -3.1    -1.7     0.0     1.82 C     0.0    -4.7    -1.5    98.7    85.8    90.6 -99.000 -99.000 -99.000 -99.000 -99.000 -9999.0 -9999.0 -9999.0 -9999.0 -9999.0
26565 20161010  2.514 -148.46   70.16     0.8    -6.7    -3.0    -1.8     0.0     2.50 C     0.5    -4.8    -1.6    99.8    86.2    94.4 -99.000 -99.000 -99.000 -99.000 -99.000 -9999.0 -9999.0 -9999.0 -9999.0 -9999.0
26565 20161011  2.514 -148.46   70.16     0.3    -1.1    -0.4    -0.4     0.0     1.23 C     0.1    -1.9    -0.7    99.4    88.7    95.1 -99.000 -99.000 -99.000 -99.000 -99.000 -9999.0 -9999.0 -9999.0 -9999.0 -9999.0
26565 20161012  2.514 -148.46   70.16     0.7    -1.3    -0.3    -0.4     0.0     3.73 C    -0.2    -2.5    -1.6    89.8    78.3    85.1 -99.000 -99.000 -99.000 -99.000 -99.000 -9999.0 -9999.0 -9999.0 -9999.0 -9999.0
26565 20161013  2.514 -148.46   70.16    -0.7    -2.8    -1.7    -1.5     0.0     1.08 C    -0.7    -2.9    -1.6    88.9    82.9    85.7 -99.000 -99.000 -99.000 -99.000 -99.000 -9999.0 -9999.0 -9999.0 -9999.0 -9999.0
26565 20161014  2.514 -148.46   70.16    -2.3    -3.3    -2.8    -2.8     0.0     1.18 C    -1.5    -2.8    -2.4    89.3    79.9    85.6 -99.000 -99.000 -99.000 -99.000 -99.000 -9999.0 -9999.0 -9999.0 -9999.0 -9999.0
26565 20161015  2.514 -148.46   70.16    -1.3    -5.3    -3.3    -3.0     1.7     1.22 C    -1.4    -8.2    -3.3    96.9    78.2    90.3 -99.000 -99.000 -99.000 -99.000 -99.000 -9999.0 -9999.0 -9999.0 -9999.0 -9999.0
26565 20161016  2.514 -148.46   70.16    -3.6    -6.3    -5.0    -4.5     0.0     1.41 C    -4.5    -8.9    -5.6    94.8    65.5    75.5 -99.000 -99.000 -99.000 -99.000 -99.000 -9999.0 -9999.0 -9999.0 -9999.0 -9999.0
26565 20161017  2.514 -148.46   70.16    -3.3    -8.4    -5.9    -5.0     0.0     1.89 C    -3.3   -13.6    -5.7    95.9    67.8    83.6 -99.000 -99.000 -99.000 -99.000 -99.000 -9999.0 -9999.0 -9999.0 -9999.0 -9999.0
26565 20161018  2.514 -148.46   70.16    -5.8   -15.5   -10.6    -7.6     0.0     1.39 C    -5.2   -16.4    -7.9    96.3    85.1    91.3 -99.000 -99.000 -99.000 -99.000 -99.000 -9999.0 -9999.0 -9999.0 -9999.0 -9999.0
26565 20161019  2.514 -148.46   70.16   -10.9   -15.7   -13.3   -13.7     0.0     1.95 C   -11.1   -17.0   -14.4    94.5    78.7    86.3 -99.000 -99.000 -99.000 -99.000 -99.000 -9999.0 -9999.0 -9999.0 -9999.0 -9999.0
26565 20161020  2.514 -148.46   70.16    -4.9   -15.1   -10.0    -9.5     0.2     0.64 C    -4.9   -14.8    -9.1    96.6    85.8    89.7 -99.000 -99.000 -99.000 -99.000 -99.000 -9999.0 -9999.0 -9999.0 -9999.0 -9999.0
26565 20161021  2.514 -148.46   70.16    -3.5   -10.0    -6.8    -5.8     0.3     1.28 C    -3.8   -12.1    -6.7    94.9    81.3    87.5 -99.000 -99.000 -99.000 -99.000 -99.000 -9999.0 -9999.0 -9999.0 -9999.0 -9999.0
26565 20161022  2.514 -148.46   70.16    -2.4    -5.4    -3.9    -3.3     0.6     1.05 C    -2.7    -7.6    -4.2    93.3    85.8    90.3 -99.000 -99.000 -99.000 -99.000 -99.000 -9999.0 -9999.0 -9999.0 -9999.0 -9999.0
26565 20161023  2.514 -148.46   70.16    -2.2   -15.5    -8.9    -5.7     0.0     1.18 C    -3.0   -18.2    -7.6    91.3    75.1    82.0 -99.000 -99.000 -99.000 -99.000 -99.000 -9999.0 -9999.0 -9999.0 -9999.0 -9999.0
26565 20161024  2.514 -148.46   70.16    -9.5   -16.5   -13.0   -12.8     0.0     1.82 C   -10.0   -19.3   -15.1    91.6    75.5    83.0 -99.000 -99.000 -99.000 -99.000 -99.000 -9999.0 -9999.0 -9999.0 -9999.0 -9999.0
26565 20161025  2.514 -148.46   70.16    -8.0   -13.9   -11.0   -10.6     0.0     2.17 C   -10.0   -15.1   -12.7    90.1    75.9    82.9 -99.000 -99.000 -99.000 -99.000 -99.000 -9999.0 -9999.0 -9999.0 -9999.0 -9999.0
26565 20161026  2.514 -148.46   70.16    -4.0   -12.8    -8.4    -9.2     0.0     1.63 C    -6.2   -15.8   -12.0    93.5    71.4    85.1 -99.000 -99.000 -99.000 -99.000 -99.000 -9999.0 -9999.0 -9999.0 -9999.0 -9999.0
26565 20161027  2.514 -148.46   70.16    -6.0   -15.0   -10.5   -10.7     0.0     1.20 C    -6.1   -17.5   -12.3    96.3    84.5    90.0 -99.000 -99.000 -99.000 -99.000 -99.000 -9999.0 -9999.0 -9999.0 -9999.0 -9999.0
26565 20161028  2.514 -148.46   70.16    -6.6   -14.9   -10.7   -10.1     0.0     0.41 C    -6.4   -16.6   -10.3    92.8    83.7    89.0 -99.000 -99.000 -99.000 -99.000 -99.000 -9999.0 -9999.0 -9999.0 -9999.0 -9999.0
26565 20161029  2.514 -148.46   70.16    -1.9   -10.8    -6.3    -4.7     0.0     0.48 C    -2.1   -11.2    -5.0    95.3    88.8    92.9 -99.000 -99.000 -99.000 -99.000 -99.000 -9999.0 -9999.0 -9999.0 -9999.0 -9999.0
26565 20161030  2.514 -148.46   70.16    -2.0    -3.9    -2.9    -2.4     0.0     0.55 C    -2.2    -5.0    -2.8    94.1    88.8    92.1 -99.000 -99.000 -99.000 -99.000 -99.000 -9999.0 -9999.0 -9999.0 -9999.0 -9999.0
26565 20161031  2.514 -148.46   70.16    -3.5   -14.2    -8.8   -10.1     0.7     0.84 C    -4.3   -15.0   -11.5    97.6    80.7    89.8 -99.000 -99.000 -99.000 -99.000 -99.000 -9999.0 -9999.0 -9999.0 -9999.0 -9999.0
26565 20161101  2.514 -148.46   70.16    -8.4   -14.6   -11.5   -11.6     0.8     0.63 C    -7.8   -14.9   -12.2    90.9    84.2    88.1 -99.000 -99.000 -99.000 -99.000 -99.000 -9999.0 -9999.0 -9999.0 -9999.0 -9999.0
26565 20161102  2.514 -148.46   70.16    -2.8    -8.5    -5.6    -5.1     0.3     0.22 C    -2.9    -7.8    -5.0    95.7    85.7    92.3 -99.000 -99.000 -99.000 -99.000 -99.000 -9999.0 -9999.0 -9999.0 -9999.0 -9999.0
26565 20161103  2.514 -148.46   70.16    -5.2    -7.4    -6.3    -6.7     0.0     0.39 C    -5.5    -7.8    -6.9    88.8    79.6    83.9 -99.000 -99.000 -99.000 -99.000 -99.000 -9999.0 -9999.0 -9999.0 -9999.0 -9999.0
26565 20161104  2.514 -148.46   70.16    -7.3   -13.0   -10.1   -10.7     0.4     0.61 C    -7.5   -12.3   -10.3    87.2    81.6    83.8 -99.000 -99.000 -99.000 -99.000 -99.000 -9999.0 -9999.0 -9999.0 -9999.0 -9999.0
26565 20161105  2.514 -148.46   70.16   -13.0   -14.9   -14.0   -14.2     0.7     0.31 C   -12.3   -14.3   -13.3    85.0    80.8    82.7 -99.000 -99.000 -99.000 -99.000 -99.000 -9999.0 -9999.0 -9999.0 -9999.0 -9999.0
26565 20161106  2.514 -148.46   70.16    -9.6   -16.4   -13.0   -12.5     0.2     0.27 C   -10.0   -18.3   -13.0    88.7    81.1    84.8 -99.000 -99.000 -99.000 -99.000 -99.000 -9999.0 -9999.0 -9999.0 -9999.0 -9999.0
26565 20161107  2.514 -148.46   70.16    -5.7   -22.0   -13.8   -14.1     1.6     0.39 C    -5.5   -23.7   -14.9    94.6    81.5    86.7 -99.000 -99.000 -99.000 -99.000 -99.000 -9999.0 -9999.0 -9999.0 -9999.0 -9999.0
26565 20161108  2.514 -148.46   70.16    -5.9   -13.6    -9.8    -9.5     3.0     0.22 C    -6.0   -15.2   -10.0    94.2    86.8    90.3 -99.000 -99.000 -99.000 -99.000 -99.000 -9999.0 -9999.0 -9999.0 -9999.0 -9999.0
26565 20161109  2.514 -148.46   70.16    -8.1   -14.7   -11.4   -11.1     0.2     0.16 C    -8.6   -17.2   -12.3    92.2    84.8    88.2 -99.000 -99.000 -99.000 -99.000 -99.000 -9999.0 -9999.0 -9999.0 -9999.0 -9999.0
26565 20161110  2.514 -148.46   70.16    -4.6   -23.2   -13.9   -11.4     0.0     0.16 C    -4.9   -24.8   -12.3    93.1    77.1    87.1 -99.000 -99.000 -99.000 -99.000 -99.000 -9999.0 -9999.0 -9999.0 -9999.0 -9999.0
26565 20161111  2.514 -148.46   70.16    -4.8    -9.1    -6.9    -7.0     2.8     0.14 C    -5.0    -9.6    -7.2    94.1    86.6    90.8 -99.000 -99.000 -99.000 -99.000 -99.000 -9999.0 -9999.0 -9999.0 -9999.0 -9999.0
26565 20161112  2.514 -148.46   70.16    -5.5   -10.4    -7.9    -6.8     0.0     0.12 C    -6.0   -12.1    -7.1    95.8    82.8    89.0 -99.000 -99.000 -99.000 -99.000 -99.000 -9999.0 -9999.0 -9999.0 -9999.0 -9999.0
26565 20161113  2.514 -148.46   70.16    -5.1   -10.4    -7.8    -7.5     0.3     0.09 C    -5.3   -11.1    -7.3    94.8    90.5    93.7 -99.000 -99.000 -99.000 -99.000 -99.000 -9999.0 -9999.0 -9999.0 -9999.0 -9999.0
26565 20161114  2.514 -148.46   70.16    -4.3   -11.0    -7.7    -6.1     0.3     0.09 C    -3.8   -12.0    -6.4    96.5    90.7    93.9 -99.000 -99.000 -99.000 -99.000 -99.000 -9999.0 -9999.0 -9999.0 -9999.0 -9999.0
26565 20161115  2.514 -148.46   70.16    -9.0   -23.4   -16.2   -16.0     0.3     0.11 C    -8.9   -24.9   -16.2    91.4    75.5    84.1 -99.000 -99.000 -99.000 -99.000 -99.000 -9999.0 -9999.0 -9999.0 -9999.0 -9999.0
26565 20161116  2.514 -148.46   70.16    -8.8   -21.8   -15.3   -13.5     0.8     0.08 C    -8.8   -22.6   -13.2    90.3    79.0    86.3 -99.000 -99.000 -99.000 -99.000 -99.000 -9999.0 -9999.0 -9999.0 -9999.0 -9999.0
26565 20161117  2.514 -148.46   70.16    -8.3   -16.2   -12.2   -10.5     0.5     0.15 C    -8.4   -16.2   -10.6    91.3    82.6    88.5 -99.000 -99.000 -99.000 -99.000 -99.000 -9999.0 -9999.0 -9999.0 -9999.0 -9999.0
26565 20161118  2.514 -148.46   70.16    -8.8   -16.7   -12.8   -10.9     0.0     0.03 C    -8.9   -16.8   -10.7    90.2    83.0    88.1 -99.000 -99.000 -99.000 -99.000 -99.000 -9999.0 -9999.0 -9999.0 -9999.0 -9999.0
26565 20161119  2.514 -148.46   70.16   -11.6   -17.5   -14.6   -14.3     0.2     0.01 C   -11.2   -16.3   -13.4    87.4    82.1    85.2 -99.000 -99.000 -99.000 -99.000 -99.000 -9999.0 -9999.0 -9999.0 -9999.0 -9999.0
26565 20161120  2.514 -148.46   70.16   -13.6   -21.4   -17.5   -17.7     0.0     0.01 C   -12.9   -20.8   -17.1    85.8    78.5    82.0 -99.000 -99.000 -99.000 -99.000 -99.000 -9999.0 -9999.0 -9999.0 -9999.0 -9999.0
26565 20161121  2.514 -148.46   70.16   -13.7   -19.1   -16.4   -16.6     0.0     0.01 C   -13.4   -18.5   -16.2    85.7    81.1    83.2 -99.000 -99.000 -99.000 -99.000 -99.000 -9999.0 -9999.0 -9999.0 -9999.0 -9999.0
26565 20161122  2.514 -148.46   70.16    -9.7   -14.8   -12.2   -12.4     0.0     0.01 C    -9.7   -14.6   -12.4    89.5    82.6    86.8 -99.000 -99.000 -99.000 -99.000 -99.000 -9999.0 -9999.0 -9999.0 -9999.0 -9999.0
26565 20161123  2.514 -148.46   70.16   -13.6   -18.6   -16.1   -15.4     0.0     0.00 C   -13.7   -18.6   -15.4    85.9    81.0    84.1 -99.000 -99.000 -99.000 -99.000 -99.000 -9999.0 -9999.0 -9999.0 -9999.0 -9999.0
26565 20161124  2.514 -148.46   70.16   -16.2   -21.1   -18.7   -18.0     0.0     0.00 C   -16.6   -22.0   -18.2    83.8    78.3    82.2 -99.000 -99.000 -99.000 -99.000 -99.000 -9999.0 -9999.0 -9999.0 -9999.0 -9999.0
26565 20161125  2.514 -148.46   70.16   -15.5   -19.0   -17.3   -16.7     0.0     0.00 C   -15.7   -19.2   -17.0    86.9    78.6    83.2 -99.000 -99.000 -99.000 -99.000 -99.000 -9999.0 -9999.0 -9999.0 -9999.0 -9999.0
26565 20161126  2.514 -148.46   70.16   -16.3   -19.7   -18.0   -17.9     0.0     0.00 C   -16.5   -20.3   -18.1    83.8    79.6    82.4 -99.000 -99.000 -99.000 -99.000 -99.000 -9999.0 -9999.0 -9999.0 -9999.0 -9999.0
26565 20161127  2.514 -148.46   70.16   -17.8   -20.2   -19.0   -18.7     0.0     0.00 C   -17.8   -20.4   -18.8    82.7    80.0    81.8 -99.000 -99.000 -99.000 -99.000 -99.000 -9999.0 -9999.0 -9999.0 -9999.0 -9999.0
26565 20161128  2.514 -148.46   70.16   -19.6   -21.4   -20.5   -20.6     0.0     0.00 C   -19.8   -21.6   -20.7    81.3    79.5    80.3 -99.000 -99.000 -99.000 -99.000 -99.000 -9999.0 -9999.0 -9999.0 -9999.0 -9999.0
26565 20161129  2.514 -148.46   70.16   -20.0   -29.5   -24.8   -24.3     0.0     0.00 C   -20.5   -31.1   -25.4    81.3    70.9    77.4 -99.000 -99.000 -99.000 -99.000 -99.000 -9999.0 -9999.0 -9999.0 -9999.0 -9999.0
26565 20161130  2.514 -148.46   70.16   -26.7   -31.7   -29.2   -29.3     0.0     0.00 C   -28.1   -32.6   -30.8    79.9    68.1    73.7 -99.000 -99.000 -99.000 -99.000 -99.000 -9999.0 -9999.0 -9999.0 -9999.0 -9999.0
26565 20161201  2.514 -148.46   70.16   -25.4   -32.5   -28.9   -28.9     0.2     0.00 C   -25.5   -32.9   -29.5    76.7    69.3    74.0 -99.000 -99.000 -99.000 -99.000 -99.000 -9999.0 -9999.0 -9999.0 -9999.0 -9999.0
26565 20161202  2.514 -148.46   70.16   -19.5   -29.9   -24.7   -22.8     0.0     0.00 C   -19.6   -29.8   -23.1    81.7    72.6    78.6 -99.000 -99.000 -99.000 -99.000 -99.000 -9999.0 -9999.0 -9999.0 -9999.0 -9999.0
26565 20161203  2.514 -148.46   70.16   -21.0   -29.7   -25.4   -23.7     0.2     0.00 C   -21.3   -30.1   -24.1    80.4    73.1    77.9 -99.000 -99.000 -99.000 -99.000 -99.000 -9999.0 -9999.0 -9999.0 -9999.0 -9999.0
26565 20161204  2.514 -148.46   70.16   -24.5   -35.5   -30.0   -32.1     0.0     0.00 C   -25.2   -35.9   -32.8    79.1    68.7    71.6 -99.000 -99.000 -99.000 -99.000 -99.000 -9999.0 -9999.0 -9999.0 -9999.0 -9999.0
26565 20161205  2.514 -148.46   70.16   -23.5   -35.0   -29.2   -27.5     0.0     0.00 C   -24.1   -35.4   -28.3    78.8    69.4    74.7 -99.000 -99.000 -99.000 -99.000 -99.000 -9999.0 -9999.0 -9999.0 -9999.0 -9999.0
26565 20161206 -9.000 -148.46   70.16 -9999.0 -9999.0 -9999.0 -9999.0 -9999.0 -9999.00 U -9999.0 -9999.0 -9999.0 -9999.0 -9999.0 -9999.0 -99.000 -99.000 -99.000 -99.000 -99.000 -9999.0 -9999.0 -9999.0 -9999.0 -9999.0
26565 20161207 -9.000 -148.46   70.16 -9999.0 -9999.0 -9999.0 -9999.0 -9999.0 -9999.00 U -9999.0 -9999.0 -9999.0 -9999.0 -9999.0 -9999.0 -99.000 -99.000 -99.000 -99.000 -99.000 -9999.0 -9999.0 -9999.0 -9999.0 -9999.0
26565 20161208 -9.000 -148.46   70.16 -9999.0 -9999.0 -9999.0 -9999.0 -9999.0 -9999.00 U -9999.0 -9999.0 -9999.0 -9999.0 -9999.0 -9999.0 -99.000 -99.000 -99.000 -99.000 -99.000 -9999.0 -9999.0 -9999.0 -9999.0 -9999.0
26565 20161209 -9.000 -148.46   70.16 -9999.0 -9999.0 -9999.0 -9999.0 -9999.0 -9999.00 U -9999.0 -9999.0 -9999.0 -9999.0 -9999.0 -9999.0 -99.000 -99.000 -99.000 -99.000 -99.000 -9999.0 -9999.0 -9999.0 -9999.0 -9999.0
26565 20161210 -9.000 -148.46   70.16 -9999.0 -9999.0 -9999.0 -9999.0 -9999.0 -9999.00 U -9999.0 -9999.0 -9999.0 -9999.0 -9999.0 -9999.0 -99.000 -99.000 -99.000 -99.000 -99.000 -9999.0 -9999.0 -9999.0 -9999.0 -9999.0
26565 20161211 -9.000 -148.46   70.16 -9999.0 -9999.0 -9999.0 -9999.0 -9999.0 -9999.00 U -9999.0 -9999.0 -9999.0 -9999.0 -9999.0 -9999.0 -99.000 -99.000 -99.000 -99.000 -99.000 -9999.0 -9999.0 -9999.0 -9999.0 -9999.0
26565 20161212  2.514 -148.46   70.16 -9999.0 -9999.0 -9999.0 -9999.0 -9999.0 -9999.00 U -9999.0 -9999.0 -9999.0 -9999.0 -9999.0 -9999.0 -99.000 -99.000 -99.000 -99.000 -99.000 -9999.0 -9999.0 -9999.0 -9999.0 -9999.0
26565 20161213  2.514 -148.46   70.16 -9999.0 -9999.0 -9999.0 -9999.0 -9999.0 -9999.00 U -9999.0 -9999.0 -9999.0 -9999.0 -9999.0 -9999.0 -99.000 -99.000 -99.000 -99.000 -99.000 -9999.0 -9999.0 -9999.0 -9999.0 -9999.0
26565 20161214 -9.000 -148.46   70.16 -9999.0 -9999.0 -9999.0 -9999.0 -9999.0 -9999.00 U -9999.0 -9999.0 -9999.0 -9999.0 -9999.0 -9999.0 -99.000 -99.000 -99.000 -99.000 -99.000 -9999.0 -9999.0 -9999.0 -9999.0 -9999.0
26565 20161215 -9.000 -148.46   70.16 -9999.0 -9999.0 -9999.0 -9999.0 -9999.0 -9999.00 U -9999.0 -9999.0 -9999.0 -9999.0 -9999.0 -9999.0 -99.000 -99.000 -99.000 -99.000 -99.000 -9999.0 -9999.0 -9999.0 -9999.0 -9999.0
26565 20161216 -9.000 -148.46   70.16 -9999.0 -9999.0 -9999.0 -9999.0 -9999.0 -9999.00 U -9999.0 -9999.0 -9999.0 -9999.0 -9999.0 -9999.0 -99.000 -99.000 -99.000 -99.000 -99.000 -9999.0 -9999.0 -9999.0 -9999.0 -9999.0
26565 20161217 -9.000 -148.46   70.16 -9999.0 -9999.0 -9999.0 -9999.0 -9999.0 -9999.00 U -9999.0 -9999.0 -9999.0 -9999.0 -9999.0 -9999.0 -99.000 -99.000 -99.000 -99.000 -99.000 -9999.0 -9999.0 -9999.0 -9999.0 -9999.0
26565 20161218 -9.000 -148.46   70.16 -9999.0 -9999.0 -9999.0 -9999.0 -9999.0 -9999.00 U -9999.0 -9999.0 -9999.0 -9999.0 -9999.0 -9999.0 -99.000 -99.000 -99.000 -99.000 -99.000 -9999.0 -9999.0 -9999.0 -9999.0 -9999.0
26565 20161219 -9.000 -148.46   70.16 -9999.0 -9999.0 -9999.0 -9999.0 -9999.0 -9999.00 U -9999.0 -9999.0 -9999.0 -9999.0 -9999.0 -9999.0 -99.000 -99.000 -99.000 -99.000 -99.000 -9999.0 -9999.0 -9999.0 -9999.0 -9999.0
26565 20161220 -9.000 -148.46   70.16 -9999.0 -9999.0 -9999.0 -9999.0 -9999.0 -9999.00 U -9999.0 -9999.0 -9999.0 -9999.0 -9999.0 -9999.0 -99.000 -99.000 -99.000 -99.000 -99.000 -9999.0 -9999.0 -9999.0 -9999.0 -9999.0
26565 20161221 -9.000 -148.46   70.16 -9999.0 -9999.0 -9999.0 -9999.0 -9999.0 -9999.00 U -9999.0 -9999.0 -9999.0 -9999.0 -9999.0 -9999.0 -99.000 -99.000 -99.000 -99.000 -99.000 -9999.0 -9999.0 -9999.0 -9999.0 -9999.0
26565 20161222  2.514 -148.46   70.16 -9999.0 -9999.0 -9999.0 -9999.0 -9999.0 -9999.00 U -9999.0 -9999.0 -9999.0 -9999.0 -9999.0 -9999.0 -99.000 -99.000 -99.000 -99.000 -99.000 -9999.0 -9999.0 -9999.0 -9999.0 -9999.0
26565 20161223  2.514 -148.46   70.16 -9999.0 -9999.0 -9999.0 -9999.0     0.0 -9999.00 U -9999.0 -9999.0 -9999.0    89.7    82.0    85.4 -99.000 -99.000 -99.000 -99.000 -99.000 -9999.0 -9999.0 -9999.0 -9999.0 -9999.0
26565 20161224  2.514 -148.46   70.16 -9999.0 -9999.0 -9999.0 -9999.0     0.0 -9999.00 U -9999.0 -9999.0 -9999.0    84.1    71.9    77.5 -99.000 -99.000 -99.000 -99.000 -99.000 -9999.0 -9999.0 -9999.0 -9999.0 -9999.0
26565 20161225  2.514 -148.46   70.16 -9999.0 -9999.0 -9999.0 -9999.0     0.9 -9999.00 U -9999.0 -9999.0 -9999.0    84.5    71.1    75.1 -99.000 -99.000 -99.000 -99.000 -99.000 -9999.0 -9999.0 -9999.0 -9999.0 -9999.0
26565 20161226  2.514 -148.46   70.16 -9999.0 -9999.0 -9999.0 -9999.0     0.8 -9999.00 U -9999.0 -9999.0 -9999.0    83.4    68.8    77.2 -99.000 -99.000 -99.000 -99.000 -99.000 -9999.0 -9999.0 -9999.0 -9999.0 -9999.0
26565 20161227  2.514 -148.46   70.16 -9999.0 -9999.0 -9999.0 -9999.0     1.0 -9999.00 U -9999.0 -9999.0 -9999.0    78.5    65.6    74.4 -99.000 -99.000 -99.000 -99.000 -99.000 -9999.0 -9999.0 -9999.0 -9999.0 -9999.0
26565 20161228  2.514 -148.46   70.16 -9999.0 -9999.0 -9999.0 -9999.0     0.2 -9999.00 U -9999.0 -9999.0 -9999.0    77.7    66.4    72.7 -99.000 -99.000 -99.000 -99.000 -99.000 -9999.0 -9999.0 -9999.0 -9999.0 -9999.0
26565 20161229  2.514 -148.46   70.16 -9999.0 -9999.0 -9999.0 -9999.0     0.5 -9999.00 U -9999.0 -9999.0 -9999.0    82.6    68.6    74.6 -99.000 -99.000 -99.000 -99.000 -99.000 -9999.0 -9999.0 -9999.0 -9999.0 -9999.0
26565 20161230  2.514 -148.46   70.16 -9999.0 -9999.0 -9999.0 -9999.0     0.0 -9999.00 U -9999.0 -9999.0 -9999.0    94.6    82.9    88.8 -99.000 -99.000 -99.000 -99.000 -99.000 -9999.0 -9999.0 -9999.0 -9999.0 -9999.0
26565 20161231  2.514 -148.46   70.16 -9999.0 -9999.0 -9999.0 -9999.0 -9999.0 -9999.00 U -9999.0 -9999.0 -9999.0 -9999.0 -9999.0 -9999.0 -99.000 -99.000 -99.000 -99.000 -99.000 -9999.0 -9999.0 -9999.0 -9999.0 -9999.0
