27516 20140101  2.424 -156.61   71.32   -16.6   -18.7   -17.7   -17.7     0.0     0.00 C   -17.8   -19.4   -18.7    83.8    73.5    80.8 -99.000 -99.000 -99.000 -99.000 -99.000 -9999.0 -9999.0 -9999.0 -9999.0 -9999.0
27516 20140102  2.424 -156.61   71.32   -17.2   -21.5   -19.4   -19.1     0.0     0.00 C   -17.9   -23.5   -20.4    82.4    73.8    79.8 -99.000 -99.000 -99.000 -99.000 -99.000 -9999.0 -9999.0 -9999.0 -9999.0 -9999.0
27516 20140103  2.424 -156.61   71.32   -19.3   -23.3   -21.3   -22.0     0.0     0.00 C   -19.5   -25.6   -23.7    79.1    69.8    73.5 -99.000 -99.000 -99.000 -99.000 -99.000 -9999.0 -9999.0 -9999.0 -9999.0 -9999.0
27516 20140104  2.424 -156.61   71.32   -18.9   -20.5   -19.7   -19.5     0.0     0.00 C   -19.2   -21.3   -20.0    84.8    78.4    82.4 -99.000 -99.000 -99.000 -99.000 -99.000 -9999.0 -9999.0 -9999.0 -9999.0 -9999.0
27516 20140105  2.424 -156.61   71.32   -17.9   -21.2   -19.5   -19.8     0.0     0.00 C   -18.4   -22.8   -21.1    82.9    69.6    77.2 -99.000 -99.000 -99.000 -99.000 -99.000 -9999.0 -9999.0 -9999.0 -9999.0 -9999.0
27516 20140106  2.424 -156.61   71.32   -19.7   -22.8   -21.2   -21.0     0.0     0.00 C   -19.9   -25.0   -22.8    77.3    69.3    73.6 -99.000 -99.000 -99.000 -99.000 -99.000 -9999.0 -9999.0 -9999.0 -9999.0 -9999.0
27516 20140107  2.424 -156.61   71.32   -22.7   -27.7   -25.2   -25.0     0.0     0.00 C   -24.1   -30.1   -27.0    82.8    76.5    80.1 -99.000 -99.000 -99.000 -99.000 -99.000 -9999.0 -9999.0 -9999.0 -9999.0 -9999.0
27516 20140108  2.424 -156.61   71.32   -19.7   -27.3   -23.5   -24.0     0.0     0.00 C   -20.1   -28.4   -25.3    81.8    75.6    78.7 -99.000 -99.000 -99.000 -99.000 -99.000 -9999.0 -9999.0 -9999.0 -9999.0 -9999.0
27516 20140109  2.424 -156.61   71.32   -21.6   -25.4   -23.5   -24.0     0.0     0.00 C   -21.9   -26.0   -24.5    80.6    77.3    78.5 -99.000 -99.000 -99.000 -99.000 -99.000 -9999.0 -9999.0 -9999.0 -9999.0 -9999.0
27516 20140110  2.424 -156.61   71.32   -21.7   -26.8   -24.2   -25.0     0.0     0.00 C   -21.9   -27.4   -25.5    80.2    76.2    77.7 -99.000 -99.000 -99.000 -99.000 -99.000 -9999.0 -9999.0 -9999.0 -9999.0 -9999.0
27516 20140111  2.424 -156.61   71.32   -19.5   -24.5   -22.0   -21.3     0.2     0.00 C   -19.7   -24.9   -21.5    81.8    78.0    80.4 -99.000 -99.000 -99.000 -99.000 -99.000 -9999.0 -9999.0 -9999.0 -9999.0 -9999.0
27516 20140112  2.424 -156.61   71.32   -21.3   -30.1   -25.7   -26.0     0.0     0.00 C   -21.4   -31.1   -26.9    80.3    73.0    77.2 -99.000 -99.000 -99.000 -99.000 -99.000 -9999.0 -9999.0 -9999.0 -9999.0 -9999.0
27516 20140113  2.424 -156.61   71.32   -22.5   -36.8   -29.6   -27.8     0.0     0.00 C   -23.0   -37.1   -28.7    79.9    68.4    76.0 -99.000 -99.000 -99.000 -99.000 -99.000 -9999.0 -9999.0 -9999.0 -9999.0 -9999.0
27516 20140114  2.424 -156.61   71.32   -21.0   -37.8   -29.4   -30.0     0.2     0.00 C   -21.4   -38.3   -30.7    80.8    68.7    74.3 -99.000 -99.000 -99.000 -99.000 -99.000 -9999.0 -9999.0 -9999.0 -9999.0 -9999.0
27516 20140115  2.424 -156.61   71.32   -21.5   -38.5   -30.0   -32.5     0.0     0.00 C   -22.1   -39.0   -33.4    80.5    67.1    72.8 -99.000 -99.000 -99.000 -99.000 -99.000 -9999.0 -9999.0 -9999.0 -9999.0 -9999.0
27516 20140116  2.424 -156.61   71.32   -33.3   -41.3   -37.3   -36.4     0.0     0.00 C   -36.4   -41.3   -38.6    73.9    64.5    69.8 -99.000 -99.000 -99.000 -99.000 -99.000 -9999.0 -9999.0 -9999.0 -9999.0 -9999.0
27516 20140117  2.424 -156.61   71.32   -31.0   -39.5   -35.3   -35.9     0.0     0.00 C   -31.1   -40.3   -37.3    75.1    66.4    69.7 -99.000 -99.000 -99.000 -99.000 -99.000 -9999.0 -9999.0 -9999.0 -9999.0 -9999.0
27516 20140118  2.424 -156.61   71.32   -25.0   -31.0   -28.0   -27.0     0.4     0.00 C   -25.1   -31.1   -27.1    77.4    72.6    75.8 -99.000 -99.000 -99.000 -99.000 -99.000 -9999.0 -9999.0 -9999.0 -9999.0 -9999.0
27516 20140119  2.424 -156.61   71.32   -23.8   -28.4   -26.1   -26.6     0.0     0.00 C   -23.6   -29.5   -26.8    78.5    75.1    76.3 -99.000 -99.000 -99.000 -99.000 -99.000 -9999.0 -9999.0 -9999.0 -9999.0 -9999.0
27516 20140120  2.424 -156.61   71.32   -18.4   -24.3   -21.4   -22.2     0.6     0.00 C   -18.5   -26.5   -23.1    83.0    78.4    79.9 -99.000 -99.000 -99.000 -99.000 -99.000 -9999.0 -9999.0 -9999.0 -9999.0 -9999.0
27516 20140121  2.424 -156.61   71.32   -14.4   -18.4   -16.4   -16.2     0.3     0.00 C   -14.6   -18.5   -16.3    85.8    82.5    84.2 -99.000 -99.000 -99.000 -99.000 -99.000 -9999.0 -9999.0 -9999.0 -9999.0 -9999.0
27516 20140122  2.424 -156.61   71.32   -16.5   -20.7   -18.6   -18.5     0.5     0.00 C   -16.3   -20.1   -18.2    84.2    80.8    82.2 -99.000 -99.000 -99.000 -99.000 -99.000 -9999.0 -9999.0 -9999.0 -9999.0 -9999.0
27516 20140123  2.424 -156.61   71.32   -19.1   -21.1   -20.1   -20.5     0.2     0.00 C   -18.6   -21.1   -20.1    81.2    79.0    80.1 -99.000 -99.000 -99.000 -99.000 -99.000 -9999.0 -9999.0 -9999.0 -9999.0 -9999.0
27516 20140124  2.424 -156.61   71.32   -16.2   -19.4   -17.8   -17.5     0.3     0.00 C   -16.3   -19.4   -17.3    83.8    77.6    81.4 -99.000 -99.000 -99.000 -99.000 -99.000 -9999.0 -9999.0 -9999.0 -9999.0 -9999.0
27516 20140125  2.424 -156.61   71.32   -13.2   -17.8   -15.5   -15.9     0.9     0.00 C   -13.0   -19.0   -16.3    85.0    81.2    83.4 -99.000 -99.000 -99.000 -99.000 -99.000 -9999.0 -9999.0 -9999.0 -9999.0 -9999.0
27516 20140126  2.424 -156.61   71.32   -12.5   -14.8   -13.7   -13.4     0.3     0.00 C   -12.6   -16.2   -14.1    88.4    84.2    86.1 -99.000 -99.000 -99.000 -99.000 -99.000 -9999.0 -9999.0 -9999.0 -9999.0 -9999.0
27516 20140127  2.424 -156.61   71.32   -13.6   -16.1   -14.8   -14.9     0.5     0.01 C   -13.5   -17.6   -15.8    87.8    81.9    84.7 -99.000 -99.000 -99.000 -99.000 -99.000 -9999.0 -9999.0 -9999.0 -9999.0 -9999.0
27516 20140128  2.424 -156.61   71.32   -15.0   -17.9   -16.4   -15.9     0.7     0.01 C   -16.5   -19.7   -17.5    86.1    83.1    84.8 -99.000 -99.000 -99.000 -99.000 -99.000 -9999.0 -9999.0 -9999.0 -9999.0 -9999.0
27516 20140129  2.424 -156.61   71.32   -12.4   -18.3   -15.4   -16.1     0.0     0.00 C   -12.8   -20.8   -16.9    88.4    84.3    85.6 -99.000 -99.000 -99.000 -99.000 -99.000 -9999.0 -9999.0 -9999.0 -9999.0 -9999.0
27516 20140130  2.424 -156.61   71.32   -11.2   -16.9   -14.0   -14.5     0.2     0.00 C   -12.3   -17.8   -15.9    90.6    83.6    86.0 -99.000 -99.000 -99.000 -99.000 -99.000 -9999.0 -9999.0 -9999.0 -9999.0 -9999.0
27516 20140131  2.424 -156.61   71.32    -7.7   -19.5   -13.6   -17.0     1.5     0.07 C   -14.7   -20.5   -18.5    95.9    81.7    84.0 -99.000 -99.000 -99.000 -99.000 -99.000 -9999.0 -9999.0 -9999.0 -9999.0 -9999.0
27516 20140201  2.424 -156.61   71.32    -3.5   -19.2   -11.4    -8.2     1.1     0.00 C    -4.0   -19.5    -8.8    95.2    81.2    91.0 -99.000 -99.000 -99.000 -99.000 -99.000 -9999.0 -9999.0 -9999.0 -9999.0 -9999.0
27516 20140202  2.424 -156.61   71.32    -5.8   -19.8   -12.8   -14.5     0.3     0.22 C    -7.0   -21.0   -15.6    92.1    79.9    85.8 -99.000 -99.000 -99.000 -99.000 -99.000 -9999.0 -9999.0 -9999.0 -9999.0 -9999.0
27516 20140203  2.424 -156.61   71.32   -10.2   -18.7   -14.4   -13.8     0.2     0.01 C   -10.5   -19.5   -14.7    90.6    78.5    86.2 -99.000 -99.000 -99.000 -99.000 -99.000 -9999.0 -9999.0 -9999.0 -9999.0 -9999.0
27516 20140204  2.424 -156.61   71.32    -9.2   -15.3   -12.3   -12.3     0.3     0.00 C    -9.5   -16.2   -12.7    90.3    84.8    87.4 -99.000 -99.000 -99.000 -99.000 -99.000 -9999.0 -9999.0 -9999.0 -9999.0 -9999.0
27516 20140205  2.424 -156.61   71.32    -4.8    -9.3    -7.1    -7.3     0.4     0.00 C    -5.2    -9.5    -7.6    94.7    87.8    90.9 -99.000 -99.000 -99.000 -99.000 -99.000 -9999.0 -9999.0 -9999.0 -9999.0 -9999.0
27516 20140206  2.424 -156.61   71.32    -5.8   -19.4   -12.6   -13.8     1.7     0.03 C    -6.1   -20.7   -13.7    93.4    80.8    84.2 -99.000 -99.000 -99.000 -99.000 -99.000 -9999.0 -9999.0 -9999.0 -9999.0 -9999.0
27516 20140207  2.424 -156.61   71.32   -19.1   -22.8   -20.9   -20.6     0.0     0.44 C   -19.5   -27.7   -22.7    88.2    80.5    82.1 -99.000 -99.000 -99.000 -99.000 -99.000 -9999.0 -9999.0 -9999.0 -9999.0 -9999.0
27516 20140208  2.424 -156.61   71.32   -18.5   -27.0   -22.8   -21.5     0.4     0.04 C   -18.6   -28.8   -22.3    88.0    77.1    81.1 -99.000 -99.000 -99.000 -99.000 -99.000 -9999.0 -9999.0 -9999.0 -9999.0 -9999.0
27516 20140209  2.424 -156.61   71.32   -14.6   -29.7   -22.1   -23.0     0.4     0.66 C   -15.9   -31.2   -25.3    86.3    73.5    79.5 -99.000 -99.000 -99.000 -99.000 -99.000 -9999.0 -9999.0 -9999.0 -9999.0 -9999.0
27516 20140210  2.424 -156.61   71.32   -11.8   -28.1   -19.9   -19.4     0.8     0.11 C   -13.0   -28.5   -19.7    88.6    75.5    82.0 -99.000 -99.000 -99.000 -99.000 -99.000 -9999.0 -9999.0 -9999.0 -9999.0 -9999.0
27516 20140211  2.424 -156.61   71.32   -16.5   -30.5   -23.5   -26.0     0.0     0.26 C   -16.8   -32.2   -27.5    84.4    71.0    76.4 -99.000 -99.000 -99.000 -99.000 -99.000 -9999.0 -9999.0 -9999.0 -9999.0 -9999.0
27516 20140212  2.424 -156.61   71.32   -30.6   -35.0   -32.8   -33.4     0.2     1.03 C   -32.2   -39.6   -37.7    75.6    70.4    73.1 -99.000 -99.000 -99.000 -99.000 -99.000 -9999.0 -9999.0 -9999.0 -9999.0 -9999.0
27516 20140213  2.424 -156.61   71.32   -33.3   -36.4   -34.9   -34.8     0.0     1.27 C   -35.2   -39.6   -37.6    71.4    68.9    70.3 -99.000 -99.000 -99.000 -99.000 -99.000 -9999.0 -9999.0 -9999.0 -9999.0 -9999.0
27516 20140214  2.424 -156.61   71.32   -30.0   -34.0   -32.0   -31.8     0.0     1.14 C   -31.9   -36.0   -33.6    73.5    70.6    72.2 -99.000 -99.000 -99.000 -99.000 -99.000 -9999.0 -9999.0 -9999.0 -9999.0 -9999.0
27516 20140215  2.424 -156.61   71.32   -28.0   -30.9   -29.5   -29.5     0.0     1.66 C   -30.5   -34.4   -31.9    75.0    72.4    73.9 -99.000 -99.000 -99.000 -99.000 -99.000 -9999.0 -9999.0 -9999.0 -9999.0 -9999.0
27516 20140216  2.424 -156.61   71.32   -24.8   -31.1   -28.0   -27.5     0.0     1.66 C   -26.8   -33.7   -29.8    77.5    72.1    75.3 -99.000 -99.000 -99.000 -99.000 -99.000 -9999.0 -9999.0 -9999.0 -9999.0 -9999.0
27516 20140217  2.424 -156.61   71.32   -24.7   -29.4   -27.1   -26.7     0.0     1.72 C   -26.9   -34.1   -29.4    77.6    73.0    76.1 -99.000 -99.000 -99.000 -99.000 -99.000 -9999.0 -9999.0 -9999.0 -9999.0 -9999.0
27516 20140218  2.424 -156.61   71.32   -20.4   -29.0   -24.7   -25.1     0.7     0.31 C   -21.5   -32.7   -27.6    81.0    73.5    77.1 -99.000 -99.000 -99.000 -99.000 -99.000 -9999.0 -9999.0 -9999.0 -9999.0 -9999.0
27516 20140219  2.424 -156.61   71.32   -26.0   -39.8   -32.9   -34.8     0.0     1.61 C   -30.6   -40.8   -37.0    77.8    67.1    70.5 -99.000 -99.000 -99.000 -99.000 -99.000 -9999.0 -9999.0 -9999.0 -9999.0 -9999.0
27516 20140220  2.424 -156.61   71.32   -30.2   -39.2   -34.7   -32.8     0.0     1.79 C   -29.6   -40.4   -33.3    73.0    67.2    71.4 -99.000 -99.000 -99.000 -99.000 -99.000 -9999.0 -9999.0 -9999.0 -9999.0 -9999.0
27516 20140221  2.424 -156.61   71.32   -31.5   -35.1   -33.3   -33.4     0.0     3.86 C   -33.3   -36.9   -35.2    72.5    70.0    71.3 -99.000 -99.000 -99.000 -99.000 -99.000 -9999.0 -9999.0 -9999.0 -9999.0 -9999.0
27516 20140222  2.424 -156.61   71.32   -20.5   -33.6   -27.0   -28.7     0.0     4.10 C   -20.5   -35.4   -30.7    80.3    70.7    74.4 -99.000 -99.000 -99.000 -99.000 -99.000 -9999.0 -9999.0 -9999.0 -9999.0 -9999.0
27516 20140223  2.424 -156.61   71.32   -17.0   -20.5   -18.8   -18.2     0.0     2.04 C   -16.7   -20.8   -18.2    81.4    78.2    79.9 -99.000 -99.000 -99.000 -99.000 -99.000 -9999.0 -9999.0 -9999.0 -9999.0 -9999.0
27516 20140224  2.424 -156.61   71.32   -17.6   -24.3   -21.0   -22.1     0.0     3.38 C   -17.1   -25.8   -23.0    81.1    75.1    77.7 -99.000 -99.000 -99.000 -99.000 -99.000 -9999.0 -9999.0 -9999.0 -9999.0 -9999.0
27516 20140225  2.424 -156.61   71.32   -14.2   -22.3   -18.2   -18.3     0.2     1.91 C   -15.8   -23.5   -19.2    88.4    76.1    82.7 -99.000 -99.000 -99.000 -99.000 -99.000 -9999.0 -9999.0 -9999.0 -9999.0 -9999.0
27516 20140226  2.424 -156.61   71.32   -12.3   -21.2   -16.7   -17.5     0.2     2.68 C   -13.3   -22.6   -18.0    91.0    81.0    84.0 -99.000 -99.000 -99.000 -99.000 -99.000 -9999.0 -9999.0 -9999.0 -9999.0 -9999.0
27516 20140227  2.424 -156.61   71.32   -16.9   -21.4   -19.1   -19.1     0.0     0.94 C   -16.4   -22.2   -18.9    83.6    78.9    81.0 -99.000 -99.000 -99.000 -99.000 -99.000 -9999.0 -9999.0 -9999.0 -9999.0 -9999.0
27516 20140228  2.424 -156.61   71.32   -14.0   -18.5   -16.2   -15.7     0.0     2.16 C   -13.8   -19.9   -16.8    87.8    79.6    83.0 -99.000 -99.000 -99.000 -99.000 -99.000 -9999.0 -9999.0 -9999.0 -9999.0 -9999.0
27516 20140301  2.424 -156.61   71.32    -5.0   -15.7   -10.4    -9.2     0.4     1.14 C    -6.6   -18.2   -10.7    89.4    72.7    86.4 -99.000 -99.000 -99.000 -99.000 -99.000 -9999.0 -9999.0 -9999.0 -9999.0 -9999.0
27516 20140302  2.424 -156.61   71.32   -10.8   -24.6   -17.7   -18.7     0.0     2.92 C   -11.8   -26.3   -19.6    84.5    75.2    80.3 -99.000 -99.000 -99.000 -99.000 -99.000 -9999.0 -9999.0 -9999.0 -9999.0 -9999.0
27516 20140303  2.424 -156.61   71.32   -24.0   -29.0   -26.5   -25.9     0.0     3.64 C   -25.4   -32.2   -27.8    80.7    75.3    77.7 -99.000 -99.000 -99.000 -99.000 -99.000 -9999.0 -9999.0 -9999.0 -9999.0 -9999.0
27516 20140304  2.424 -156.61   71.32   -25.2   -31.3   -28.2   -28.3     0.2     3.52 C   -28.9   -34.5   -31.6    83.1    74.4    77.6 -99.000 -99.000 -99.000 -99.000 -99.000 -9999.0 -9999.0 -9999.0 -9999.0 -9999.0
27516 20140305  2.424 -156.61   71.32   -23.6   -28.5   -26.1   -25.8     0.0     4.15 C   -25.5   -32.3   -28.8    79.0    76.1    78.0 -99.000 -99.000 -99.000 -99.000 -99.000 -9999.0 -9999.0 -9999.0 -9999.0 -9999.0
27516 20140306  2.424 -156.61   71.32   -23.6   -31.4   -27.5   -28.1     0.0     4.62 C   -26.8   -33.6   -31.2    79.9    71.5    75.6 -99.000 -99.000 -99.000 -99.000 -99.000 -9999.0 -9999.0 -9999.0 -9999.0 -9999.0
27516 20140307  2.424 -156.61   71.32   -21.9   -28.3   -25.1   -24.5     0.0     2.31 C   -21.5   -31.2   -26.0    80.0    74.9    78.0 -99.000 -99.000 -99.000 -99.000 -99.000 -9999.0 -9999.0 -9999.0 -9999.0 -9999.0
27516 20140308  2.424 -156.61   71.32   -23.2   -28.3   -25.7   -25.6     0.2     3.63 C   -24.5   -32.4   -28.3    79.5    74.8    77.3 -99.000 -99.000 -99.000 -99.000 -99.000 -9999.0 -9999.0 -9999.0 -9999.0 -9999.0
27516 20140309  2.424 -156.61   71.32   -26.0   -32.1   -29.1   -28.2     0.0     5.07 C   -28.4   -35.7   -32.3    77.1    70.0    75.3 -99.000 -99.000 -99.000 -99.000 -99.000 -9999.0 -9999.0 -9999.0 -9999.0 -9999.0
27516 20140310  2.424 -156.61   71.32   -26.4   -35.4   -30.9   -31.2     0.2     3.91 C   -32.2   -40.2   -36.1    77.1    66.2    73.1 -99.000 -99.000 -99.000 -99.000 -99.000 -9999.0 -9999.0 -9999.0 -9999.0 -9999.0
27516 20140311  2.424 -156.61   71.32   -24.7   -35.5   -30.1   -29.0     0.3     2.68 C   -24.8   -39.8   -31.0    77.4    69.3    74.2 -99.000 -99.000 -99.000 -99.000 -99.000 -9999.0 -9999.0 -9999.0 -9999.0 -9999.0
27516 20140312  2.424 -156.61   71.32   -21.6   -27.8   -24.7   -24.8     0.6     5.31 C   -21.1   -30.6   -26.2    79.9    75.0    77.4 -99.000 -99.000 -99.000 -99.000 -99.000 -9999.0 -9999.0 -9999.0 -9999.0 -9999.0
27516 20140313  2.424 -156.61   71.32   -16.8   -21.6   -19.2   -19.3     0.3     3.53 C   -16.8   -22.5   -19.5    83.6    80.0    81.5 -99.000 -99.000 -99.000 -99.000 -99.000 -9999.0 -9999.0 -9999.0 -9999.0 -9999.0
27516 20140314  2.424 -156.61   71.32   -16.4   -21.1   -18.8   -18.6     0.2     5.87 C   -16.2   -23.2   -20.1    83.8    80.2    82.3 -99.000 -99.000 -99.000 -99.000 -99.000 -9999.0 -9999.0 -9999.0 -9999.0 -9999.0
27516 20140315  2.424 -156.61   71.32   -16.6   -20.5   -18.5   -18.4     0.0     3.97 C   -16.7   -22.4   -19.0    84.0    80.8    82.6 -99.000 -99.000 -99.000 -99.000 -99.000 -9999.0 -9999.0 -9999.0 -9999.0 -9999.0
27516 20140316  2.424 -156.61   71.32   -15.5   -24.3   -19.9   -18.5     0.5     3.29 C   -15.7   -26.7   -19.2    84.3    76.5    82.1 -99.000 -99.000 -99.000 -99.000 -99.000 -9999.0 -9999.0 -9999.0 -9999.0 -9999.0
27516 20140317  2.424 -156.61   71.32   -14.6   -18.3   -16.4   -16.3     0.5     2.95 C   -14.9   -19.7   -16.4    85.4    81.7    83.6 -99.000 -99.000 -99.000 -99.000 -99.000 -9999.0 -9999.0 -9999.0 -9999.0 -9999.0
27516 20140318  2.424 -156.61   71.32   -14.7   -22.9   -18.8   -17.4     0.5     6.42 C   -15.3   -27.2   -19.5    85.3    78.7    82.9 -99.000 -99.000 -99.000 -99.000 -99.000 -9999.0 -9999.0 -9999.0 -9999.0 -9999.0
27516 20140319  2.424 -156.61   71.32   -12.9   -26.2   -19.6   -18.8     0.5     5.09 C   -13.0   -28.9   -19.8    86.1    75.5    81.3 -99.000 -99.000 -99.000 -99.000 -99.000 -9999.0 -9999.0 -9999.0 -9999.0 -9999.0
27516 20140320  2.424 -156.61   71.32   -15.3   -26.0   -20.6   -20.1     0.0     7.68 C   -15.7   -28.4   -21.2    84.2    76.5    80.2 -99.000 -99.000 -99.000 -99.000 -99.000 -9999.0 -9999.0 -9999.0 -9999.0 -9999.0
27516 20140321  2.424 -156.61   71.32   -10.1   -20.5   -15.3   -14.3     0.4     7.97 C   -11.3   -24.8   -16.4    89.7    78.0    85.0 -99.000 -99.000 -99.000 -99.000 -99.000 -9999.0 -9999.0 -9999.0 -9999.0 -9999.0
27516 20140322  2.424 -156.61   71.32   -17.7   -23.4   -20.6   -20.5     0.2     8.01 C   -18.1   -27.1   -22.5    85.0    73.5    79.9 -99.000 -99.000 -99.000 -99.000 -99.000 -9999.0 -9999.0 -9999.0 -9999.0 -9999.0
27516 20140323  2.424 -156.61   71.32   -11.2   -23.5   -17.3   -19.1     0.2     8.85 C   -13.2   -25.5   -21.1    87.6    76.3    81.2 -99.000 -99.000 -99.000 -99.000 -99.000 -9999.0 -9999.0 -9999.0 -9999.0 -9999.0
27516 20140324  2.424 -156.61   71.32   -13.8   -23.1   -18.4   -17.9     0.0     9.13 C   -14.5   -26.2   -20.7    93.5    71.2    82.1 -99.000 -99.000 -99.000 -99.000 -99.000 -9999.0 -9999.0 -9999.0 -9999.0 -9999.0
27516 20140325  2.424 -156.61   71.32   -13.6   -20.3   -17.0   -17.4     0.0     9.91 C   -14.4   -22.7   -19.1    85.9    80.5    83.1 -99.000 -99.000 -99.000 -99.000 -99.000 -9999.0 -9999.0 -9999.0 -9999.0 -9999.0
27516 20140326  2.424 -156.61   71.32   -12.9   -21.3   -17.1   -16.9     0.0    10.01 C   -13.7   -24.3   -18.4    83.9    78.1    81.6 -99.000 -99.000 -99.000 -99.000 -99.000 -9999.0 -9999.0 -9999.0 -9999.0 -9999.0
27516 20140327  2.424 -156.61   71.32   -10.4   -24.5   -17.4   -17.2     0.0    10.35 C   -11.8   -26.7   -20.2    90.3    75.9    83.1 -99.000 -99.000 -99.000 -99.000 -99.000 -9999.0 -9999.0 -9999.0 -9999.0 -9999.0
27516 20140328  2.424 -156.61   71.32   -12.8   -22.1   -17.5   -16.7     0.5     7.98 C   -12.3   -25.5   -18.2    87.1    78.8    83.6 -99.000 -99.000 -99.000 -99.000 -99.000 -9999.0 -9999.0 -9999.0 -9999.0 -9999.0
27516 20140329  2.424 -156.61   71.32   -15.3   -24.0   -19.7   -17.9     0.0     9.71 C   -15.6   -26.7   -18.8    84.9    78.1    82.7 -99.000 -99.000 -99.000 -99.000 -99.000 -9999.0 -9999.0 -9999.0 -9999.0 -9999.0
27516 20140330  2.424 -156.61   71.32   -18.3   -25.7   -22.0   -21.6     0.0    11.30 C   -18.6   -29.3   -23.4    82.6    75.9    79.9 -99.000 -99.000 -99.000 -99.000 -99.000 -9999.0 -9999.0 -9999.0 -9999.0 -9999.0
27516 20140331  2.424 -156.61   71.32   -20.5   -27.5   -24.0   -23.0     0.2    10.67 C   -19.1   -30.5   -23.6    80.6    75.5    78.7 -99.000 -99.000 -99.000 -99.000 -99.000 -9999.0 -9999.0 -9999.0 -9999.0 -9999.0
27516 20140401  2.424 -156.61   71.32   -14.2   -21.2   -17.7   -16.5     0.3     6.93 C   -14.6   -20.9   -16.4    85.1    80.3    83.4 -99.000 -99.000 -99.000 -99.000 -99.000 -9999.0 -9999.0 -9999.0 -9999.0 -9999.0
27516 20140402  2.424 -156.61   71.32   -14.4   -17.2   -15.8   -15.9     0.0     7.18 C   -14.9   -17.5   -16.0    85.2    82.5    83.6 -99.000 -99.000 -99.000 -99.000 -99.000 -9999.0 -9999.0 -9999.0 -9999.0 -9999.0
27516 20140403  2.424 -156.61   71.32   -17.1   -23.5   -20.3   -19.3     0.2    11.39 C   -17.2   -32.7   -21.1    82.7    76.7    80.6 -99.000 -99.000 -99.000 -99.000 -99.000 -9999.0 -9999.0 -9999.0 -9999.0 -9999.0
27516 20140404  2.424 -156.61   71.32   -18.3   -25.8   -22.1   -22.4     0.2    10.95 C   -18.4   -33.3   -25.8    81.3    73.6    78.3 -99.000 -99.000 -99.000 -99.000 -99.000 -9999.0 -9999.0 -9999.0 -9999.0 -9999.0
27516 20140405  2.424 -156.61   71.32   -20.1   -30.0   -25.1   -24.6     0.0    12.72 C   -20.5   -35.6   -28.7    80.2    71.6    76.9 -99.000 -99.000 -99.000 -99.000 -99.000 -9999.0 -9999.0 -9999.0 -9999.0 -9999.0
27516 20140406  2.424 -156.61   71.32   -23.5   -34.5   -29.0   -28.4     0.0    13.19 C   -23.1   -37.2   -30.9    77.5    69.7    74.1 -99.000 -99.000 -99.000 -99.000 -99.000 -9999.0 -9999.0 -9999.0 -9999.0 -9999.0
27516 20140407  2.424 -156.61   71.32   -21.1   -31.1   -26.1 -9999.0     0.0    12.84 C   -18.8   -37.3   -29.5    79.5    69.9    76.0 -99.000 -99.000 -99.000 -99.000 -99.000 -9999.0 -9999.0 -9999.0 -9999.0 -9999.0
27516 20140408  2.424 -156.61   71.32   -21.9   -29.8   -25.8   -25.3     0.0    13.94 C   -22.1   -37.7   -29.1    82.9    71.6    76.3 -99.000 -99.000 -99.000 -99.000 -99.000 -9999.0 -9999.0 -9999.0 -9999.0 -9999.0
27516 20140409  2.424 -156.61   71.32   -24.0   -35.9   -30.0   -29.5     0.5    14.26 C   -23.2   -38.4   -31.7    77.1    68.5    73.7 -99.000 -99.000 -99.000 -99.000 -99.000 -9999.0 -9999.0 -9999.0 -9999.0 -9999.0
27516 20140410  2.424 -156.61   71.32   -18.9   -30.9   -24.9   -25.0     0.3    11.08 C   -18.0   -32.7   -25.9    86.2    72.6    78.4 -99.000 -99.000 -99.000 -99.000 -99.000 -9999.0 -9999.0 -9999.0 -9999.0 -9999.0
27516 20140411  2.424 -156.61   71.32   -20.1   -30.3   -25.2   -24.9     0.2    14.83 C   -19.8   -34.0   -27.3    84.4    75.0    78.6 -99.000 -99.000 -99.000 -99.000 -99.000 -9999.0 -9999.0 -9999.0 -9999.0 -9999.0
27516 20140412  2.424 -156.61   71.32   -18.1   -30.6   -24.3   -23.8     0.0    15.83 C   -16.7   -33.2   -25.6    83.1    73.5    78.6 -99.000 -99.000 -99.000 -99.000 -99.000 -9999.0 -9999.0 -9999.0 -9999.0 -9999.0
27516 20140413  2.424 -156.61   71.32    -9.3   -26.1   -17.7   -17.7     0.0    16.10 C    -9.9   -28.5   -19.0    87.6    75.1    81.6 -99.000 -99.000 -99.000 -99.000 -99.000 -9999.0 -9999.0 -9999.0 -9999.0 -9999.0
27516 20140414  2.424 -156.61   71.32    -3.8   -12.2    -8.0    -6.9     0.6    11.72 C    -2.2   -14.3    -6.9    97.4    83.2    90.4 -99.000 -99.000 -99.000 -99.000 -99.000 -9999.0 -9999.0 -9999.0 -9999.0 -9999.0
27516 20140415  2.424 -156.61   71.32    -2.0    -7.6    -4.8    -4.3     1.0    12.51 C    -0.2    -9.9    -4.5    95.8    90.4    93.3 -99.000 -99.000 -99.000 -99.000 -99.000 -9999.0 -9999.0 -9999.0 -9999.0 -9999.0
27516 20140416  2.424 -156.61   71.32    -2.4    -7.6    -5.0    -5.6     0.0    11.60 C    -2.8    -7.6    -5.2    97.2    91.2    94.0 -99.000 -99.000 -99.000 -99.000 -99.000 -9999.0 -9999.0 -9999.0 -9999.0 -9999.0
27516 20140417  2.424 -156.61   71.32    -7.3   -17.9   -12.6   -11.4     0.0    12.36 C    -7.6   -19.3   -10.9    91.1    85.0    87.9 -99.000 -99.000 -99.000 -99.000 -99.000 -9999.0 -9999.0 -9999.0 -9999.0 -9999.0
27516 20140418  2.424 -156.61   71.32   -14.8   -23.7   -19.3   -19.1     0.7    17.30 C   -14.6   -26.6   -20.5    87.3    78.9    84.0 -99.000 -99.000 -99.000 -99.000 -99.000 -9999.0 -9999.0 -9999.0 -9999.0 -9999.0
27516 20140419  2.424 -156.61   71.32   -12.7   -24.9   -18.8   -18.8     0.0    16.59 C   -12.0   -27.5   -20.3    86.6    76.8    82.0 -99.000 -99.000 -99.000 -99.000 -99.000 -9999.0 -9999.0 -9999.0 -9999.0 -9999.0
27516 20140420  2.424 -156.61   71.32   -10.1   -25.1   -17.6   -16.2     0.2    13.35 C    -9.1   -27.3   -16.7    88.3    77.3    83.7 -99.000 -99.000 -99.000 -99.000 -99.000 -9999.0 -9999.0 -9999.0 -9999.0 -9999.0
27516 20140421  2.424 -156.61   71.32    -9.8   -21.0   -15.4   -14.4     0.0    16.33 C   -10.0   -23.2   -15.2    88.8    79.9    84.6 -99.000 -99.000 -99.000 -99.000 -99.000 -9999.0 -9999.0 -9999.0 -9999.0 -9999.0
27516 20140422  2.424 -156.61   71.32    -7.8   -12.6   -10.2   -10.5     2.0    15.07 C    -7.4   -13.9   -10.2    90.0    84.8    87.5 -99.000 -99.000 -99.000 -99.000 -99.000 -9999.0 -9999.0 -9999.0 -9999.0 -9999.0
27516 20140423  2.424 -156.61   71.32    -5.4   -11.1    -8.3    -7.0     1.6    12.06 C    -4.7   -12.0    -6.6    94.7    87.5    90.9 -99.000 -99.000 -99.000 -99.000 -99.000 -9999.0 -9999.0 -9999.0 -9999.0 -9999.0
27516 20140424  2.424 -156.61   71.32    -8.3   -16.4   -12.3    -9.9     0.4    11.90 C    -7.7   -18.9    -9.9    91.5    84.8    90.1 -99.000 -99.000 -99.000 -99.000 -99.000 -9999.0 -9999.0 -9999.0 -9999.0 -9999.0
27516 20140425  2.424 -156.61   71.32    -9.0   -17.4   -13.2   -10.7     0.2    13.92 C    -7.2   -19.1   -10.3    90.5    82.9    88.8 -99.000 -99.000 -99.000 -99.000 -99.000 -9999.0 -9999.0 -9999.0 -9999.0 -9999.0
27516 20140426  2.424 -156.61   71.32    -6.3   -15.7   -11.0    -9.2     0.3    17.93 C    -6.4   -16.0    -8.9    91.8    86.4    89.3 -99.000 -99.000 -99.000 -99.000 -99.000 -9999.0 -9999.0 -9999.0 -9999.0 -9999.0
27516 20140427  2.424 -156.61   71.32    -4.4   -18.3   -11.4    -8.1     0.0    15.39 C    -3.7   -20.4    -8.2    92.6    82.8    89.1 -99.000 -99.000 -99.000 -99.000 -99.000 -9999.0 -9999.0 -9999.0 -9999.0 -9999.0
27516 20140428  2.424 -156.61   71.32   -12.3   -20.4   -16.3   -15.2     0.0    20.97 C   -12.4   -22.6   -16.3    86.8    69.8    78.8 -99.000 -99.000 -99.000 -99.000 -99.000 -9999.0 -9999.0 -9999.0 -9999.0 -9999.0
27516 20140429  2.424 -156.61   71.32    -1.8   -15.4    -8.6   -10.1     1.1    13.00 C    -2.8   -16.7   -10.5    92.1    78.2    85.0 -99.000 -99.000 -99.000 -99.000 -99.000 -9999.0 -9999.0 -9999.0 -9999.0 -9999.0
27516 20140430  2.424 -156.61   71.32     0.8    -3.0    -1.1    -1.4     0.3    15.35 C     0.1    -3.8    -1.7    96.3    83.3    90.1 -99.000 -99.000 -99.000 -99.000 -99.000 -9999.0 -9999.0 -9999.0 -9999.0 -9999.0
27516 20140501  2.424 -156.61   71.32     1.9     0.7     1.3     1.3     1.0    10.77 C     0.3    -0.2     0.1    95.2    85.6    90.1 -99.000 -99.000 -99.000 -99.000 -99.000 -9999.0 -9999.0 -9999.0 -9999.0 -9999.0
27516 20140502  2.424 -156.61   71.32     2.3    -0.4     1.0     1.1     0.2    13.63 C     0.5    -1.0     0.0    97.1    85.5    92.3 -99.000 -99.000 -99.000 -99.000 -99.000 -9999.0 -9999.0 -9999.0 -9999.0 -9999.0
27516 20140503  2.424 -156.61   71.32     0.1    -4.1    -2.0    -1.4     0.6    19.80 C     0.2    -4.6    -1.5    98.4    92.9    95.4 -99.000 -99.000 -99.000 -99.000 -99.000 -9999.0 -9999.0 -9999.0 -9999.0 -9999.0
27516 20140504  2.424 -156.61   71.32    -0.8    -7.9    -4.4    -3.9     0.3    15.47 C    -0.6    -8.5    -3.5    98.6    73.5    89.2 -99.000 -99.000 -99.000 -99.000 -99.000 -9999.0 -9999.0 -9999.0 -9999.0 -9999.0
27516 20140505  2.424 -156.61   71.32    -2.8    -8.9    -5.8    -5.2     0.2    18.33 C    -2.9    -9.2    -5.7    89.0    71.0    80.3 -99.000 -99.000 -99.000 -99.000 -99.000 -9999.0 -9999.0 -9999.0 -9999.0 -9999.0
27516 20140506  2.424 -156.61   71.32    -2.9    -8.7    -5.8    -5.3     0.3    20.86 C    -0.2   -12.2    -5.3    92.4    70.8    85.2 -99.000 -99.000 -99.000 -99.000 -99.000 -9999.0 -9999.0 -9999.0 -9999.0 -9999.0
27516 20140507  2.424 -156.61   71.32    -3.3   -11.2    -7.2    -6.2     0.3    16.56 C    -1.7   -13.2    -6.0    94.7    84.3    89.9 -99.000 -99.000 -99.000 -99.000 -99.000 -9999.0 -9999.0 -9999.0 -9999.0 -9999.0
27516 20140508  2.424 -156.61   71.32    -4.4   -13.3    -8.9    -7.6     0.8    15.72 C    -0.9   -15.2    -7.0    94.9    77.4    89.8 -99.000 -99.000 -99.000 -99.000 -99.000 -9999.0 -9999.0 -9999.0 -9999.0 -9999.0
27516 20140509  2.424 -156.61   71.32    -2.9    -7.3    -5.1    -5.4     0.0    17.27 C    -1.6    -7.3    -5.3    93.7    84.5    89.2 -99.000 -99.000 -99.000 -99.000 -99.000 -9999.0 -9999.0 -9999.0 -9999.0 -9999.0
27516 20140510  2.424 -156.61   71.32     0.9    -6.0    -2.5    -1.3     0.6    18.53 C     0.3    -7.3    -1.5    97.1    87.0    92.4 -99.000 -99.000 -99.000 -99.000 -99.000 -9999.0 -9999.0 -9999.0 -9999.0 -9999.0
27516 20140511  2.424 -156.61   71.32     2.0    -1.3     0.4     0.7     0.6    16.61 C     0.4    -1.9    -0.1    97.4    87.0    93.6 -99.000 -99.000 -99.000 -99.000 -99.000 -9999.0 -9999.0 -9999.0 -9999.0 -9999.0
27516 20140512  2.424 -156.61   71.32     2.1    -2.2     0.0     0.3     4.0    15.56 C     0.3    -3.3    -0.4    98.2    79.9    92.6 -99.000 -99.000 -99.000 -99.000 -99.000 -9999.0 -9999.0 -9999.0 -9999.0 -9999.0
27516 20140513  2.424 -156.61   71.32     0.4    -2.4    -1.0    -0.6     0.3    15.49 C     0.2    -3.7    -0.5    97.5    88.4    93.0 -99.000 -99.000 -99.000 -99.000 -99.000 -9999.0 -9999.0 -9999.0 -9999.0 -9999.0
27516 20140514  2.424 -156.61   71.32     0.5    -2.5    -1.0    -0.5     0.8    13.77 C     0.3    -4.0    -1.0    97.0    83.4    90.7 -99.000 -99.000 -99.000 -99.000 -99.000 -9999.0 -9999.0 -9999.0 -9999.0 -9999.0
27516 20140515  2.424 -156.61   71.32     1.6    -0.1     0.8     0.4     7.5    12.73 C     0.4    -0.3     0.1    98.2    94.2    97.1 -99.000 -99.000 -99.000 -99.000 -99.000 -9999.0 -9999.0 -9999.0 -9999.0 -9999.0
27516 20140516  2.424 -156.61   71.32     0.2    -1.0    -0.4    -0.3     0.0    17.77 C     0.1    -1.3    -0.2    97.7    87.9    93.3 -99.000 -99.000 -99.000 -99.000 -99.000 -9999.0 -9999.0 -9999.0 -9999.0 -9999.0
27516 20140517  2.424 -156.61   71.32     0.6    -5.7    -2.6    -1.3     2.7    15.99 C     0.4    -5.4    -1.0    97.8    88.6    93.9 -99.000 -99.000 -99.000 -99.000 -99.000 -9999.0 -9999.0 -9999.0 -9999.0 -9999.0
27516 20140518  2.424 -156.61   71.32    -5.1    -7.5    -6.3    -6.4     0.3    14.16 C    -3.4    -6.4    -5.0    91.7    86.1    89.0 -99.000 -99.000 -99.000 -99.000 -99.000 -9999.0 -9999.0 -9999.0 -9999.0 -9999.0
27516 20140519  2.424 -156.61   71.32     0.8    -5.7    -2.5    -2.6     0.0    20.72 C     0.2    -5.1    -2.5    95.4    81.9    89.5 -99.000 -99.000 -99.000 -99.000 -99.000 -9999.0 -9999.0 -9999.0 -9999.0 -9999.0
27516 20140520  2.424 -156.61   71.32    -0.5    -4.9    -2.7    -3.0     0.6    16.59 C    -0.4    -5.2    -2.8    96.5    70.9    84.9 -99.000 -99.000 -99.000 -99.000 -99.000 -9999.0 -9999.0 -9999.0 -9999.0 -9999.0
27516 20140521  2.424 -156.61   71.32    -1.0    -4.5    -2.8    -2.6     0.6    13.61 C    -0.9    -4.7    -2.5    92.9    83.0    89.4 -99.000 -99.000 -99.000 -99.000 -99.000 -9999.0 -9999.0 -9999.0 -9999.0 -9999.0
27516 20140522  2.424 -156.61   71.32    -1.7    -7.3    -4.5    -3.2     0.2    13.25 C    -0.5    -7.8    -2.8    95.2    79.1    87.1 -99.000 -99.000 -99.000 -99.000 -99.000 -9999.0 -9999.0 -9999.0 -9999.0 -9999.0
27516 20140523  2.424 -156.61   71.32    -6.0   -11.2    -8.6    -7.6     0.2    19.69 C    -3.5   -12.5    -6.9    91.4    58.1    77.5 -99.000 -99.000 -99.000 -99.000 -99.000 -9999.0 -9999.0 -9999.0 -9999.0 -9999.0
27516 20140524  2.424 -156.61   71.32    -4.9    -7.3    -6.1    -6.4     0.6    18.70 C    -3.8    -7.4    -5.8    88.3    63.5    76.6 -99.000 -99.000 -99.000 -99.000 -99.000 -9999.0 -9999.0 -9999.0 -9999.0 -9999.0
27516 20140525  2.424 -156.61   71.32    -5.7    -9.2    -7.4    -6.9     0.5    24.95 C    -1.5   -10.3    -5.9    90.0    69.0    81.4 -99.000 -99.000 -99.000 -99.000 -99.000 -9999.0 -9999.0 -9999.0 -9999.0 -9999.0
27516 20140526  2.424 -156.61   71.32    -5.7   -10.7    -8.2    -7.0     1.3    27.60 C    -1.8   -11.9    -6.1    90.4    66.2    80.1 -99.000 -99.000 -99.000 -99.000 -99.000 -9999.0 -9999.0 -9999.0 -9999.0 -9999.0
27516 20140527  2.424 -156.61   71.32    -4.5   -12.3    -8.4    -7.1     0.3    22.39 C    -2.0   -13.3    -6.4    90.2    80.6    84.3 -99.000 -99.000 -99.000 -99.000 -99.000 -9999.0 -9999.0 -9999.0 -9999.0 -9999.0
27516 20140528  2.424 -156.61   71.32    -5.5    -7.0    -6.2    -6.1     0.0    24.62 C    -3.0    -6.8    -5.3    89.2    78.4    84.1 -99.000 -99.000 -99.000 -99.000 -99.000 -9999.0 -9999.0 -9999.0 -9999.0 -9999.0
27516 20140529  2.424 -156.61   71.32    -4.4    -7.1    -5.8    -5.8     0.0    22.37 C    -2.9    -7.1    -5.3    87.7    79.0    83.2 -99.000 -99.000 -99.000 -99.000 -99.000 -9999.0 -9999.0 -9999.0 -9999.0 -9999.0
27516 20140530  2.424 -156.61   71.32    -4.0    -6.9    -5.4    -5.2     2.5    16.79 C    -3.5    -7.3    -4.8    94.2    87.5    91.1 -99.000 -99.000 -99.000 -99.000 -99.000 -9999.0 -9999.0 -9999.0 -9999.0 -9999.0
27516 20140531  2.424 -156.61   71.32    -3.6    -5.0    -4.3    -4.1     0.0    15.14 C    -3.2    -5.1    -3.9    94.8    89.7    92.3 -99.000 -99.000 -99.000 -99.000 -99.000 -9999.0 -9999.0 -9999.0 -9999.0 -9999.0
27516 20140601  2.424 -156.61   71.32    -3.9    -5.8    -4.9    -4.8     0.7    16.33 C    -3.3    -5.7    -4.5    95.8    87.2    89.9 -99.000 -99.000 -99.000 -99.000 -99.000 -9999.0 -9999.0 -9999.0 -9999.0 -9999.0
27516 20140602  2.424 -156.61   71.32    -1.9    -4.2    -3.0    -3.1     0.2    19.80 C     0.5    -3.9    -1.7    96.3    86.2    92.0 -99.000 -99.000 -99.000 -99.000 -99.000 -9999.0 -9999.0 -9999.0 -9999.0 -9999.0
27516 20140603  2.424 -156.61   71.32     1.6    -2.2    -0.3     0.0     0.2    17.81 C     0.5    -2.0    -0.3    96.8    88.4    93.5 -99.000 -99.000 -99.000 -99.000 -99.000 -9999.0 -9999.0 -9999.0 -9999.0 -9999.0
27516 20140604  2.424 -156.61   71.32     1.5     0.1     0.8     0.8     3.9    13.06 C     0.4     0.0     0.1    98.2    88.6    94.5 -99.000 -99.000 -99.000 -99.000 -99.000 -9999.0 -9999.0 -9999.0 -9999.0 -9999.0
27516 20140605  2.424 -156.61   71.32     0.1    -0.5    -0.2    -0.2     0.5    13.34 C     0.4    -0.3     0.0   100.0    95.6    98.4 -99.000 -99.000 -99.000 -99.000 -99.000 -9999.0 -9999.0 -9999.0 -9999.0 -9999.0
27516 20140606  2.424 -156.61   71.32     0.2    -1.1    -0.5    -0.3     0.0    13.94 C     0.3    -0.5    -0.1    97.9    87.5    94.5 -99.000 -99.000 -99.000 -99.000 -99.000 -9999.0 -9999.0 -9999.0 -9999.0 -9999.0
27516 20140607  2.424 -156.61   71.32     0.2    -1.2    -0.5    -0.6     0.0    12.88 C     0.4    -0.8    -0.3    98.5    90.4    95.1 -99.000 -99.000 -99.000 -99.000 -99.000 -9999.0 -9999.0 -9999.0 -9999.0 -9999.0
27516 20140608  2.424 -156.61   71.32     0.6    -1.0    -0.2    -0.2     0.0    12.95 C     0.2    -0.8    -0.1    98.5    93.8    96.6 -99.000 -99.000 -99.000 -99.000 -99.000 -9999.0 -9999.0 -9999.0 -9999.0 -9999.0
27516 20140609  2.424 -156.61   71.32     0.3    -1.9    -0.8    -1.2     0.0    17.73 C     0.5    -2.1    -0.6    98.4    88.8    93.9 -99.000 -99.000 -99.000 -99.000 -99.000 -9999.0 -9999.0 -9999.0 -9999.0 -9999.0
27516 20140610  2.424 -156.61   71.32     0.7    -1.5    -0.4    -0.4     0.2     9.89 C     0.3    -1.0    -0.3    98.5    88.9    93.1 -99.000 -99.000 -99.000 -99.000 -99.000 -9999.0 -9999.0 -9999.0 -9999.0 -9999.0
27516 20140611  2.424 -156.61   71.32     1.5    -0.9     0.3     0.2     0.2    22.24 C     0.4    -0.7    -0.1    98.4    89.4    92.9 -99.000 -99.000 -99.000 -99.000 -99.000 -9999.0 -9999.0 -9999.0 -9999.0 -9999.0
27516 20140612  2.424 -156.61   71.32     1.7    -0.8     0.4     0.4     0.9    13.81 C     0.6    -0.3     0.1    98.6    94.8    97.5 -99.000 -99.000 -99.000 -99.000 -99.000 -9999.0 -9999.0 -9999.0 -9999.0 -9999.0
27516 20140613  2.424 -156.61   71.32     0.9    -1.7    -0.4    -0.4     0.0    22.89 C     0.6    -0.9    -0.1    98.8    90.6    96.4 -99.000 -99.000 -99.000 -99.000 -99.000 -9999.0 -9999.0 -9999.0 -9999.0 -9999.0
27516 20140614  2.424 -156.61   71.32     0.4    -2.5    -1.0    -0.7     0.2    22.59 C     0.3    -3.3    -0.6    97.6    80.7    90.9 -99.000 -99.000 -99.000 -99.000 -99.000 -9999.0 -9999.0 -9999.0 -9999.0 -9999.0
27516 20140615  2.424 -156.61   71.32     1.6    -3.5    -1.0    -0.5     0.2    26.49 C     0.1    -3.9    -1.1    98.2    84.1    91.6 -99.000 -99.000 -99.000 -99.000 -99.000 -9999.0 -9999.0 -9999.0 -9999.0 -9999.0
27516 20140616  2.424 -156.61   71.32     2.9    -0.8     1.1     0.8     0.0    19.87 C     0.4    -1.3    -0.1    98.9    89.7    95.4 -99.000 -99.000 -99.000 -99.000 -99.000 -9999.0 -9999.0 -9999.0 -9999.0 -9999.0
27516 20140617  2.424 -156.61   71.32     2.1    -0.1     1.0     0.8     0.0    12.46 C     1.2     0.0     0.3    98.8    92.0    96.9 -99.000 -99.000 -99.000 -99.000 -99.000 -9999.0 -9999.0 -9999.0 -9999.0 -9999.0
27516 20140618  2.424 -156.61   71.32     2.1    -0.1     1.0     0.9     0.0    11.88 C     1.3     0.0     0.5    98.8    96.8    97.8 -99.000 -99.000 -99.000 -99.000 -99.000 -9999.0 -9999.0 -9999.0 -9999.0 -9999.0
27516 20140619  2.424 -156.61   71.32     2.1    -0.9     0.6     0.7     0.0    16.29 C     2.6    -0.3     0.9    98.5    93.7    97.0 -99.000 -99.000 -99.000 -99.000 -99.000 -9999.0 -9999.0 -9999.0 -9999.0 -9999.0
27516 20140620  2.424 -156.61   71.32     2.5    -1.7     0.4     0.2     0.0    19.47 C     5.9    -1.2     1.9    97.8    89.5    93.5 -99.000 -99.000 -99.000 -99.000 -99.000 -9999.0 -9999.0 -9999.0 -9999.0 -9999.0
27516 20140621  2.424 -156.61   71.32     2.2    -0.8     0.7     0.7     0.0    25.05 C     8.1     0.0     3.5    98.2    90.9    95.2 -99.000 -99.000 -99.000 -99.000 -99.000 -9999.0 -9999.0 -9999.0 -9999.0 -9999.0
27516 20140622  2.424 -156.61   71.32     1.7    -1.3     0.2     0.3     1.0    12.21 C     6.0    -0.9     2.0    99.0    90.7    95.9 -99.000 -99.000 -99.000 -99.000 -99.000 -9999.0 -9999.0 -9999.0 -9999.0 -9999.0
27516 20140623  2.424 -156.61   71.32     2.6     0.2     1.4     0.7    13.0     8.16 C     3.2     0.4     1.5    97.8    87.9    95.3 -99.000 -99.000 -99.000 -99.000 -99.000 -9999.0 -9999.0 -9999.0 -9999.0 -9999.0
27516 20140624  2.424 -156.61   71.32     4.2    -0.5     1.9     1.9     0.0    30.07 C    10.3     0.0     5.2    95.1    78.9    90.0 -99.000 -99.000 -99.000 -99.000 -99.000 -9999.0 -9999.0 -9999.0 -9999.0 -9999.0
27516 20140625  2.424 -156.61   71.32     3.7    -0.6     1.5     1.7     0.0    29.16 C    11.3    -0.3     5.3    95.1    82.6    89.1 -99.000 -99.000 -99.000 -99.000 -99.000 -9999.0 -9999.0 -9999.0 -9999.0 -9999.0
27516 20140626  2.424 -156.61   71.32     2.3    -0.1     1.1     1.0     0.8    11.68 C     4.6    -0.4     2.3    97.2    86.9    92.4 -99.000 -99.000 -99.000 -99.000 -99.000 -9999.0 -9999.0 -9999.0 -9999.0 -9999.0
27516 20140627  2.424 -156.61   71.32     2.1    -0.2     0.9     0.7     7.3    11.86 C     7.1     0.5     2.5    98.4    91.8    96.7 -99.000 -99.000 -99.000 -99.000 -99.000 -9999.0 -9999.0 -9999.0 -9999.0 -9999.0
27516 20140628  2.424 -156.61   71.32     7.0     0.4     3.7     1.5     0.5    11.39 C     8.4     0.8     3.4    98.9    80.9    96.5 -99.000 -99.000 -99.000 -99.000 -99.000 -9999.0 -9999.0 -9999.0 -9999.0 -9999.0
27516 20140629  2.424 -156.61   71.32     5.1     0.6     2.8     2.3     0.2    24.81 C    13.3     0.4     6.4    96.9    85.8    92.5 -99.000 -99.000 -99.000 -99.000 -99.000 -9999.0 -9999.0 -9999.0 -9999.0 -9999.0
27516 20140630  2.424 -156.61   71.32     4.6     1.2     2.9     2.7     7.2    16.82 C    10.8     2.2     5.3    97.6    85.5    93.1 -99.000 -99.000 -99.000 -99.000 -99.000 -9999.0 -9999.0 -9999.0 -9999.0 -9999.0
27516 20140701  2.424 -156.61   71.32     4.9     1.0     2.9     2.8     0.0    24.00 C    12.4     2.1     6.3    96.8    83.9    90.1 -99.000 -99.000 -99.000 -99.000 -99.000 -9999.0 -9999.0 -9999.0 -9999.0 -9999.0
27516 20140702  2.424 -156.61   71.32     4.3     1.9     3.1     2.8     0.0    10.02 C     8.4     2.3     4.3    97.7    86.2    92.2 -99.000 -99.000 -99.000 -99.000 -99.000 -9999.0 -9999.0 -9999.0 -9999.0 -9999.0
27516 20140703  2.424 -156.61   71.32     6.3     1.1     3.7     3.0     0.0    18.42 C    12.8     2.9     6.4    98.8    92.6    97.1 -99.000 -99.000 -99.000 -99.000 -99.000 -9999.0 -9999.0 -9999.0 -9999.0 -9999.0
27516 20140704  2.424 -156.61   71.32     7.2     1.5     4.3     4.0     0.6    18.98 C    15.1     1.6     7.6    98.3    83.8    92.6 -99.000 -99.000 -99.000 -99.000 -99.000 -9999.0 -9999.0 -9999.0 -9999.0 -9999.0
27516 20140705  2.424 -156.61   71.32     8.7     1.3     5.0     3.9     0.0    20.43 C    16.0     1.8     7.4    97.0    80.4    90.0 -99.000 -99.000 -99.000 -99.000 -99.000 -9999.0 -9999.0 -9999.0 -9999.0 -9999.0
27516 20140706  2.424 -156.61   71.32     3.1     0.1     1.6     1.8     0.2    16.42 C     9.6     1.2     4.8    98.4    90.1    94.7 -99.000 -99.000 -99.000 -99.000 -99.000 -9999.0 -9999.0 -9999.0 -9999.0 -9999.0
27516 20140707  2.424 -156.61   71.32     2.9    -0.3     1.3     1.1     0.0    21.68 C     9.7     0.5     4.2    98.8    87.7    95.8 -99.000 -99.000 -99.000 -99.000 -99.000 -9999.0 -9999.0 -9999.0 -9999.0 -9999.0
27516 20140708  2.424 -156.61   71.32     2.3    -0.9     0.7     0.4     0.0    21.50 C     9.3    -0.2     3.5    98.8    89.0    95.6 -99.000 -99.000 -99.000 -99.000 -99.000 -9999.0 -9999.0 -9999.0 -9999.0 -9999.0
27516 20140709  2.424 -156.61   71.32     2.5    -0.1     1.2     1.0     0.0    21.53 C     7.6    -0.2     3.3    97.5    89.4    94.4 -99.000 -99.000 -99.000 -99.000 -99.000 -9999.0 -9999.0 -9999.0 -9999.0 -9999.0
27516 20140710  2.424 -156.61   71.32     4.1     0.2     2.2     1.8     0.0    19.77 C     8.6    -0.4     3.7    98.1    86.8    94.5 -99.000 -99.000 -99.000 -99.000 -99.000 -9999.0 -9999.0 -9999.0 -9999.0 -9999.0
27516 20140711  2.424 -156.61   71.32     4.6     1.2     2.9     2.3     0.0    18.59 C    12.3     1.0     5.6    98.6    86.2    95.2 -99.000 -99.000 -99.000 -99.000 -99.000 -9999.0 -9999.0 -9999.0 -9999.0 -9999.0
27516 20140712  2.424 -156.61   71.32    12.2     0.0     6.1     3.8     0.0    14.45 C    16.6     1.0     5.7    99.0    60.0    89.3 -99.000 -99.000 -99.000 -99.000 -99.000 -9999.0 -9999.0 -9999.0 -9999.0 -9999.0
27516 20140713  2.424 -156.61   71.32     3.1    -0.3     1.4     1.8     0.5     8.31 C     5.6     0.1     2.6    96.8    88.5    93.4 -99.000 -99.000 -99.000 -99.000 -99.000 -9999.0 -9999.0 -9999.0 -9999.0 -9999.0
27516 20140714  2.424 -156.61   71.32     1.5    -0.8     0.3     0.6     0.0     9.36 C     4.3    -0.6     1.9    98.3    89.5    94.5 -99.000 -99.000 -99.000 -99.000 -99.000 -9999.0 -9999.0 -9999.0 -9999.0 -9999.0
27516 20140715  2.424 -156.61   71.32     7.4    -1.8     2.8     2.7     0.0    23.57 C    16.1    -1.6     5.7    98.4    70.2    86.6 -99.000 -99.000 -99.000 -99.000 -99.000 -9999.0 -9999.0 -9999.0 -9999.0 -9999.0
27516 20140716  2.424 -156.61   71.32    15.0     3.4     9.2     8.4     2.9     9.07 C    23.3     3.8     9.5    97.9    69.6    89.6 -99.000 -99.000 -99.000 -99.000 -99.000 -9999.0 -9999.0 -9999.0 -9999.0 -9999.0
27516 20140717  2.424 -156.61   71.32     8.2     2.6     5.4     4.5     3.8    16.04 C    11.3     3.0     6.0    98.5    77.4    91.8 -99.000 -99.000 -99.000 -99.000 -99.000 -9999.0 -9999.0 -9999.0 -9999.0 -9999.0
27516 20140718  2.424 -156.61   71.32     3.6     0.3     1.9     1.9     0.0    12.55 C     6.1     0.8     3.2    97.8    85.5    91.1 -99.000 -99.000 -99.000 -99.000 -99.000 -9999.0 -9999.0 -9999.0 -9999.0 -9999.0
27516 20140719  2.424 -156.61   71.32     4.4     0.5     2.5     2.2     0.0    16.70 C    10.2     0.7     4.3    96.0    71.6    87.3 -99.000 -99.000 -99.000 -99.000 -99.000 -9999.0 -9999.0 -9999.0 -9999.0 -9999.0
27516 20140720  2.424 -156.61   71.32     5.4    -0.2     2.6     2.0     2.6    10.98 C     8.3     0.2     3.5    98.3    77.9    91.4 -99.000 -99.000 -99.000 -99.000 -99.000 -9999.0 -9999.0 -9999.0 -9999.0 -9999.0
27516 20140721  2.424 -156.61   71.32     8.2     0.4     4.3     3.2     6.1    11.59 C     7.6     1.1     4.3    98.3    90.2    95.1 -99.000 -99.000 -99.000 -99.000 -99.000 -9999.0 -9999.0 -9999.0 -9999.0 -9999.0
27516 20140722  2.424 -156.61   71.32     2.4    -0.4     1.0     1.0     0.0    12.20 C     6.1     0.2     3.0    99.1    80.9    92.6 -99.000 -99.000 -99.000 -99.000 -99.000 -9999.0 -9999.0 -9999.0 -9999.0 -9999.0
27516 20140723  2.424 -156.61   71.32     2.8     0.2     1.5     1.2     6.1     6.85 C     5.6     0.2     2.3    97.8    91.2    95.2 -99.000 -99.000 -99.000 -99.000 -99.000 -9999.0 -9999.0 -9999.0 -9999.0 -9999.0
27516 20140724  2.424 -156.61   71.32     2.2    -0.5     0.9     0.7     1.1    12.23 C     5.5    -0.3     2.4    97.2    91.6    94.6 -99.000 -99.000 -99.000 -99.000 -99.000 -9999.0 -9999.0 -9999.0 -9999.0 -9999.0
27516 20140725  2.424 -156.61   71.32     2.2    -1.1     0.6     0.4     0.0    21.94 C     9.9    -0.8     4.1    98.2    82.2    91.9 -99.000 -99.000 -99.000 -99.000 -99.000 -9999.0 -9999.0 -9999.0 -9999.0 -9999.0
27516 20140726  2.424 -156.61   71.32     1.3    -1.0     0.2    -0.1     0.0    17.26 C     7.3    -0.4     3.0    98.7    85.9    93.0 -99.000 -99.000 -99.000 -99.000 -99.000 -9999.0 -9999.0 -9999.0 -9999.0 -9999.0
27516 20140727  2.424 -156.61   71.32     2.5    -1.0     0.7     0.8     0.0    15.22 C     6.9    -0.5     2.3    97.7    80.2    88.2 -99.000 -99.000 -99.000 -99.000 -99.000 -9999.0 -9999.0 -9999.0 -9999.0 -9999.0
27516 20140728  2.424 -156.61   71.32     2.0    -1.4     0.3     0.3     0.0    14.50 C     8.8    -0.7     3.4    98.2    77.4    88.0 -99.000 -99.000 -99.000 -99.000 -99.000 -9999.0 -9999.0 -9999.0 -9999.0 -9999.0
27516 20140729  2.424 -156.61   71.32     2.6    -0.1     1.3     1.3     0.0    16.76 C     9.6     0.8     4.4    97.8    78.1    89.9 -99.000 -99.000 -99.000 -99.000 -99.000 -9999.0 -9999.0 -9999.0 -9999.0 -9999.0
27516 20140730  2.424 -156.61   71.32     6.4    -0.1     3.1     3.5     0.0    13.23 C     9.5     0.6     4.6    98.8    87.1    94.0 -99.000 -99.000 -99.000 -99.000 -99.000 -9999.0 -9999.0 -9999.0 -9999.0 -9999.0
27516 20140731  2.424 -156.61   71.32    11.3     4.3     7.8     7.5     0.0     5.99 C    11.0     4.6     7.7    98.3    82.6    91.0 -99.000 -99.000 -99.000 -99.000 -99.000 -9999.0 -9999.0 -9999.0 -9999.0 -9999.0
27516 20140801  2.424 -156.61   71.32     6.9     0.2     3.5     3.6     0.0     5.16 C     6.6     0.7     4.2    98.4    94.4    97.2 -99.000 -99.000 -99.000 -99.000 -99.000 -9999.0 -9999.0 -9999.0 -9999.0 -9999.0
27516 20140802  2.424 -156.61   71.32     1.6    -0.9     0.3     0.5     0.0    13.03 C     7.2    -0.1     2.8    97.9    88.0    94.3 -99.000 -99.000 -99.000 -99.000 -99.000 -9999.0 -9999.0 -9999.0 -9999.0 -9999.0
27516 20140803  2.424 -156.61   71.32     2.9    -1.3     0.8     1.0     0.0     7.60 C     5.9    -0.8     2.5    98.5    91.9    96.3 -99.000 -99.000 -99.000 -99.000 -99.000 -9999.0 -9999.0 -9999.0 -9999.0 -9999.0
27516 20140804  2.424 -156.61   71.32     1.1    -1.6    -0.3    -0.3     0.0    12.63 C     6.3    -0.8     1.9    98.3    85.9    92.9 -99.000 -99.000 -99.000 -99.000 -99.000 -9999.0 -9999.0 -9999.0 -9999.0 -9999.0
27516 20140805  2.424 -156.61   71.32     2.9    -1.0     1.0     1.0     0.0    15.90 C     7.6    -0.6     2.9    98.3    87.0    92.9 -99.000 -99.000 -99.000 -99.000 -99.000 -9999.0 -9999.0 -9999.0 -9999.0 -9999.0
27516 20140806  2.424 -156.61   71.32     5.0     1.2     3.1     3.1     0.0     6.71 C     7.4     0.9     3.6    97.8    81.6    90.5 -99.000 -99.000 -99.000 -99.000 -99.000 -9999.0 -9999.0 -9999.0 -9999.0 -9999.0
27516 20140807  2.424 -156.61   71.32     3.8     0.7     2.2     2.4     0.0     8.19 C     5.2     0.9     2.8    97.8    80.4    91.1 -99.000 -99.000 -99.000 -99.000 -99.000 -9999.0 -9999.0 -9999.0 -9999.0 -9999.0
27516 20140808  2.424 -156.61   71.32     2.0    -0.4     0.8     0.9     0.0    10.33 C     4.8    -0.1     1.7    98.6    88.9    94.5 -99.000 -99.000 -99.000 -99.000 -99.000 -9999.0 -9999.0 -9999.0 -9999.0 -9999.0
27516 20140809  2.424 -156.61   71.32     3.2    -0.9     1.2     1.0     0.0    12.16 C     6.3    -0.5     1.6    99.0    85.7    93.8 -99.000 -99.000 -99.000 -99.000 -99.000 -9999.0 -9999.0 -9999.0 -9999.0 -9999.0
27516 20140810  2.424 -156.61   71.32     4.2     1.3     2.8     2.6     0.0    18.88 C     7.7     0.0     3.3    93.9    84.3    90.0 -99.000 -99.000 -99.000 -99.000 -99.000 -9999.0 -9999.0 -9999.0 -9999.0 -9999.0
27516 20140811  2.424 -156.61   71.32     5.1     1.9     3.5     3.4     0.0    20.18 C     8.3     0.8     4.0    92.4    79.1    85.3 -99.000 -99.000 -99.000 -99.000 -99.000 -9999.0 -9999.0 -9999.0 -9999.0 -9999.0
27516 20140812  2.424 -156.61   71.32 -9999.0 -9999.0 -9999.0 -9999.0 -9999.0 -9999.00 U -9999.0 -9999.0 -9999.0 -9999.0 -9999.0 -9999.0 -99.000 -99.000 -99.000 -99.000 -99.000 -9999.0 -9999.0 -9999.0 -9999.0 -9999.0
27516 20140813  2.424 -156.61   71.32     3.8     0.3     2.1     2.3     0.0     7.80 C     4.7     0.3     2.6    98.3    84.4    94.4 -99.000 -99.000 -99.000 -99.000 -99.000 -9999.0 -9999.0 -9999.0 -9999.0 -9999.0
27516 20140814  2.424 -156.61   71.32     3.1     1.6     2.4     2.4     0.0     6.58 C     4.5     0.7     2.6    98.1    92.5    95.6 -99.000 -99.000 -99.000 -99.000 -99.000 -9999.0 -9999.0 -9999.0 -9999.0 -9999.0
27516 20140815  2.424 -156.61   71.32     3.4     2.1     2.7     2.6     0.0     7.14 C     4.8     1.9     3.1    97.1    91.9    94.8 -99.000 -99.000 -99.000 -99.000 -99.000 -9999.0 -9999.0 -9999.0 -9999.0 -9999.0
27516 20140816  2.424 -156.61   71.32     3.8     1.7     2.8     2.7     0.0     5.53 C     5.2     1.7     3.1    98.6    95.0    97.4 -99.000 -99.000 -99.000 -99.000 -99.000 -9999.0 -9999.0 -9999.0 -9999.0 -9999.0
27516 20140817  2.424 -156.61   71.32     7.1     1.6     4.3     3.9     0.0    13.45 C    12.4    -0.4     5.1    97.9    80.7    91.1 -99.000 -99.000 -99.000 -99.000 -99.000 -9999.0 -9999.0 -9999.0 -9999.0 -9999.0
27516 20140818  2.424 -156.61   71.32     4.2     0.4     2.3     2.6     0.3     9.16 C    11.7    -0.4     4.1   100.0    87.3    96.7 -99.000 -99.000 -99.000 -99.000 -99.000 -9999.0 -9999.0 -9999.0 -9999.0 -9999.0
27516 20140819  2.424 -156.61   71.32     6.1     1.2     3.7     3.4     0.2    10.76 C    11.8     1.1     5.6    98.1    83.4    92.8 -99.000 -99.000 -99.000 -99.000 -99.000 -9999.0 -9999.0 -9999.0 -9999.0 -9999.0
27516 20140820  2.424 -156.61   71.32    10.7     2.3     6.5     6.4     0.3     8.83 C    14.3     1.1     7.0    98.0    71.8    89.6 -99.000 -99.000 -99.000 -99.000 -99.000 -9999.0 -9999.0 -9999.0 -9999.0 -9999.0
27516 20140821  2.424 -156.61   71.32    11.9     3.5     7.7     8.1     0.0     7.70 C    14.7     1.3     8.4    98.3    75.8    90.0 -99.000 -99.000 -99.000 -99.000 -99.000 -9999.0 -9999.0 -9999.0 -9999.0 -9999.0
27516 20140822  2.424 -156.61   71.32    14.8     1.6     8.2     9.0     1.7     9.70 C    16.5     0.1     8.6    99.0    57.9    86.4 -99.000 -99.000 -99.000 -99.000 -99.000 -9999.0 -9999.0 -9999.0 -9999.0 -9999.0
27516 20140823  2.424 -156.61   71.32    10.6     0.4     5.5     7.3     0.5     4.18 C    10.9     0.8     7.2    97.6    86.7    93.0 -99.000 -99.000 -99.000 -99.000 -99.000 -9999.0 -9999.0 -9999.0 -9999.0 -9999.0
27516 20140824  2.424 -156.61   71.32     2.3    -0.6     0.9     0.8     0.3     8.17 C     9.2    -0.5     2.4    97.5    78.1    88.2 -99.000 -99.000 -99.000 -99.000 -99.000 -9999.0 -9999.0 -9999.0 -9999.0 -9999.0
27516 20140825  2.424 -156.61   71.32     4.1     1.4     2.7     2.6     0.0     7.47 C     7.1     1.4     3.2    96.7    82.4    90.1 -99.000 -99.000 -99.000 -99.000 -99.000 -9999.0 -9999.0 -9999.0 -9999.0 -9999.0
27516 20140826  2.424 -156.61   71.32     5.1     1.1     3.1     2.8     0.0     6.78 C     7.9     1.1     3.7    98.6    80.6    93.7 -99.000 -99.000 -99.000 -99.000 -99.000 -9999.0 -9999.0 -9999.0 -9999.0 -9999.0
27516 20140827  2.424 -156.61   71.32    12.1     1.9     7.0     5.7     0.6     7.63 C    12.4     2.0     5.8    98.6    70.1    89.3 -99.000 -99.000 -99.000 -99.000 -99.000 -9999.0 -9999.0 -9999.0 -9999.0 -9999.0
27516 20140828  2.424 -156.61   71.32     7.8    -0.5     3.7     2.7     3.3     7.07 C     7.1    -1.3     3.3    97.7    76.4    86.2 -99.000 -99.000 -99.000 -99.000 -99.000 -9999.0 -9999.0 -9999.0 -9999.0 -9999.0
27516 20140829  2.424 -156.61   71.32     3.5    -3.1     0.2     0.8     3.5     9.48 C     5.9    -2.9     1.0    97.6    64.8    84.2 -99.000 -99.000 -99.000 -99.000 -99.000 -9999.0 -9999.0 -9999.0 -9999.0 -9999.0
27516 20140830  2.424 -156.61   71.32     3.4     0.1     1.8     1.4     1.0     7.50 C     5.1    -1.0     1.3    96.9    70.8    84.2 -99.000 -99.000 -99.000 -99.000 -99.000 -9999.0 -9999.0 -9999.0 -9999.0 -9999.0
27516 20140831  2.424 -156.61   71.32     3.9     0.5     2.2     2.0     6.6     3.25 C     3.8    -0.1     1.6    96.5    78.1    90.0 -99.000 -99.000 -99.000 -99.000 -99.000 -9999.0 -9999.0 -9999.0 -9999.0 -9999.0
27516 20140901  2.424 -156.61   71.32     3.3     0.6     2.0     1.8     0.0     8.90 C     4.0    -0.9     1.2    80.4    57.3    71.1 -99.000 -99.000 -99.000 -99.000 -99.000 -9999.0 -9999.0 -9999.0 -9999.0 -9999.0
27516 20140902  2.424 -156.61   71.32     1.5    -2.6    -0.5     0.1    14.0     4.50 C     0.7    -3.1    -0.5    97.8    68.5    91.1 -99.000 -99.000 -99.000 -99.000 -99.000 -9999.0 -9999.0 -9999.0 -9999.0 -9999.0
27516 20140903  2.424 -156.61   71.32     1.6    -0.3     0.7     0.8     0.0     5.03 C     0.3    -1.5    -0.2    92.8    65.1    85.8 -99.000 -99.000 -99.000 -99.000 -99.000 -9999.0 -9999.0 -9999.0 -9999.0 -9999.0
27516 20140904  2.424 -156.61   71.32     1.1    -0.5     0.3     0.4     0.0     5.83 C     0.9    -1.3    -0.2    90.5    71.9    81.0 -99.000 -99.000 -99.000 -99.000 -99.000 -9999.0 -9999.0 -9999.0 -9999.0 -9999.0
27516 20140905  2.424 -156.61   71.32     1.4    -1.1     0.1     0.0     0.0     9.70 C     2.2    -1.6    -0.2    94.8    73.4    81.5 -99.000 -99.000 -99.000 -99.000 -99.000 -9999.0 -9999.0 -9999.0 -9999.0 -9999.0
27516 20140906  2.424 -156.61   71.32     6.4    -3.4     1.5     1.3     0.0    12.33 C     2.8    -3.4    -0.3    97.8    60.9    84.4 -99.000 -99.000 -99.000 -99.000 -99.000 -9999.0 -9999.0 -9999.0 -9999.0 -9999.0
27516 20140907  2.424 -156.61   71.32    10.1    -1.9     4.1     3.1     0.0    12.02 C     5.6    -2.0     0.9    95.4    41.5    77.9 -99.000 -99.000 -99.000 -99.000 -99.000 -9999.0 -9999.0 -9999.0 -9999.0 -9999.0
27516 20140908  2.424 -156.61   71.32     4.6     0.1     2.3     2.4     0.2     4.13 C     4.0    -1.3     1.8    98.0    80.8    91.1 -99.000 -99.000 -99.000 -99.000 -99.000 -9999.0 -9999.0 -9999.0 -9999.0 -9999.0
27516 20140909  2.424 -156.61   71.32     2.6     0.8     1.7     1.4     0.0     6.39 C     4.6    -0.2     1.5    92.7    76.5    83.5 -99.000 -99.000 -99.000 -99.000 -99.000 -9999.0 -9999.0 -9999.0 -9999.0 -9999.0
27516 20140910  2.424 -156.61   71.32     2.5     0.8     1.7     1.6     0.0     3.26 C     3.2     0.4     1.5    94.4    83.6    87.7 -99.000 -99.000 -99.000 -99.000 -99.000 -9999.0 -9999.0 -9999.0 -9999.0 -9999.0
27516 20140911  2.424 -156.61   71.32     2.7     0.8     1.8     1.9     0.0     3.03 C     3.3     0.6     1.7    90.3    82.7    85.5 -99.000 -99.000 -99.000 -99.000 -99.000 -9999.0 -9999.0 -9999.0 -9999.0 -9999.0
27516 20140912  2.424 -156.61   71.32     2.3     0.6     1.5     1.4     0.0     2.36 C     2.6     0.3     1.3    92.9    85.8    88.7 -99.000 -99.000 -99.000 -99.000 -99.000 -9999.0 -9999.0 -9999.0 -9999.0 -9999.0
27516 20140913  2.424 -156.61   71.32     4.0     1.2     2.6     2.3     0.0     6.99 C     4.7     0.4     1.9    89.9    76.2    85.1 -99.000 -99.000 -99.000 -99.000 -99.000 -9999.0 -9999.0 -9999.0 -9999.0 -9999.0
27516 20140914  2.424 -156.61   71.32     2.7     1.9     2.3     2.2     3.6     1.17 C     2.6     1.3     1.9    96.0    85.2    91.9 -99.000 -99.000 -99.000 -99.000 -99.000 -9999.0 -9999.0 -9999.0 -9999.0 -9999.0
27516 20140915  2.424 -156.61   71.32     2.9     1.2     2.1     2.2     0.3     1.79 C     3.3     1.3     2.2    98.3    94.1    96.6 -99.000 -99.000 -99.000 -99.000 -99.000 -9999.0 -9999.0 -9999.0 -9999.0 -9999.0
27516 20140916  2.424 -156.61   71.32     3.1     1.7     2.4     2.5     0.4     2.03 C     3.7     1.5     2.5    98.6    95.6    97.8 -99.000 -99.000 -99.000 -99.000 -99.000 -9999.0 -9999.0 -9999.0 -9999.0 -9999.0
27516 20140917  2.424 -156.61   71.32     3.0     2.3     2.6     2.5     0.7     2.37 C     3.6     2.2     2.6    98.7    95.0    97.2 -99.000 -99.000 -99.000 -99.000 -99.000 -9999.0 -9999.0 -9999.0 -9999.0 -9999.0
27516 20140918  2.424 -156.61   71.32     2.8     1.1     2.0     2.2     0.0     2.80 C     3.4     1.0     2.3    97.9    88.8    94.3 -99.000 -99.000 -99.000 -99.000 -99.000 -9999.0 -9999.0 -9999.0 -9999.0 -9999.0
27516 20140919  2.424 -156.61   71.32     1.4    -0.4     0.5     0.6     3.8     1.34 C     1.1    -0.3     0.4    95.3    84.6    92.0 -99.000 -99.000 -99.000 -99.000 -99.000 -9999.0 -9999.0 -9999.0 -9999.0 -9999.0
27516 20140920  2.424 -156.61   71.32     0.6    -0.7    -0.1     0.1     3.2     3.05 C     0.2    -1.0    -0.2    95.3    88.6    92.4 -99.000 -99.000 -99.000 -99.000 -99.000 -9999.0 -9999.0 -9999.0 -9999.0 -9999.0
27516 20140921  2.424 -156.61   71.32     0.7    -1.0    -0.2     0.1     2.6     4.59 C     0.9    -4.1    -0.6    95.8    80.8    90.3 -99.000 -99.000 -99.000 -99.000 -99.000 -9999.0 -9999.0 -9999.0 -9999.0 -9999.0
27516 20140922  2.424 -156.61   71.32     0.1    -2.8    -1.3    -1.0     0.5     3.62 C    -0.1    -7.1    -2.2    96.8    80.7    88.3 -99.000 -99.000 -99.000 -99.000 -99.000 -9999.0 -9999.0 -9999.0 -9999.0 -9999.0
27516 20140923  2.424 -156.61   71.32     0.5    -2.1    -0.8    -0.1     1.2     3.92 C    -0.2    -3.5    -1.1    97.1    72.9    83.6 -99.000 -99.000 -99.000 -99.000 -99.000 -9999.0 -9999.0 -9999.0 -9999.0 -9999.0
27516 20140924  2.424 -156.61   71.32     1.4    -2.5    -0.6     0.1     1.0     3.35 C     0.3    -4.2    -0.7    98.5    73.1    91.0 -99.000 -99.000 -99.000 -99.000 -99.000 -9999.0 -9999.0 -9999.0 -9999.0 -9999.0
27516 20140925  2.424 -156.61   71.32     1.5    -3.1    -0.8     0.2     0.5     3.70 C     0.4    -9.5    -1.4    96.6    65.3    82.8 -99.000 -99.000 -99.000 -99.000 -99.000 -9999.0 -9999.0 -9999.0 -9999.0 -9999.0
27516 20140926  2.424 -156.61   71.32    -0.6    -7.3    -3.9    -2.8     0.0     5.34 C    -1.4   -11.2    -5.4    96.7    72.5    87.3 -99.000 -99.000 -99.000 -99.000 -99.000 -9999.0 -9999.0 -9999.0 -9999.0 -9999.0
27516 20140927  2.424 -156.61   71.32     0.3    -2.6    -1.2    -0.8     0.0     3.72 C    -0.3    -3.6    -1.7    93.2    72.7    85.7 -99.000 -99.000 -99.000 -99.000 -99.000 -9999.0 -9999.0 -9999.0 -9999.0 -9999.0
27516 20140928  2.424 -156.61   71.32     2.2     0.1     1.2     0.7     1.4     2.03 C     0.6    -0.7     0.1    98.7    89.3    94.0 -99.000 -99.000 -99.000 -99.000 -99.000 -9999.0 -9999.0 -9999.0 -9999.0 -9999.0
27516 20140929  2.424 -156.61   71.32     2.0    -0.6     0.7     0.6     0.0     3.06 C     0.7    -1.4     0.0    98.6    85.6    95.9 -99.000 -99.000 -99.000 -99.000 -99.000 -9999.0 -9999.0 -9999.0 -9999.0 -9999.0
27516 20140930  2.424 -156.61   71.32     1.2    -0.7     0.3     0.5     0.4     1.83 C     0.2    -1.9    -0.3    98.1    75.3    87.5 -99.000 -99.000 -99.000 -99.000 -99.000 -9999.0 -9999.0 -9999.0 -9999.0 -9999.0
27516 20141001  2.424 -156.61   71.32     1.1    -0.9     0.1     0.2     1.4     1.76 C     0.5    -2.1    -0.4    99.1    69.0    90.2 -99.000 -99.000 -99.000 -99.000 -99.000 -9999.0 -9999.0 -9999.0 -9999.0 -9999.0
27516 20141002  2.424 -156.61   71.32     0.1    -1.9    -0.9    -0.9     0.4     2.46 C     0.5    -4.6    -1.6    96.6    64.7    86.1 -99.000 -99.000 -99.000 -99.000 -99.000 -9999.0 -9999.0 -9999.0 -9999.0 -9999.0
27516 20141003  2.424 -156.61   71.32     0.0    -3.0    -1.5    -1.3     0.2     2.55 C    -1.1    -6.0    -2.7    92.6    60.5    75.2 -99.000 -99.000 -99.000 -99.000 -99.000 -9999.0 -9999.0 -9999.0 -9999.0 -9999.0
27516 20141004  2.424 -156.61   71.32    -2.0    -3.8    -2.9    -2.9     0.9     2.43 C    -2.1    -7.3    -4.0    88.9    57.6    73.9 -99.000 -99.000 -99.000 -99.000 -99.000 -9999.0 -9999.0 -9999.0 -9999.0 -9999.0
27516 20141005  2.424 -156.61   71.32    -2.0    -5.6    -3.8    -3.7     0.3     2.39 C    -2.6    -7.7    -4.8    93.2    64.5    78.7 -99.000 -99.000 -99.000 -99.000 -99.000 -9999.0 -9999.0 -9999.0 -9999.0 -9999.0
27516 20141006  2.424 -156.61   71.32    -1.7    -4.0    -2.8    -2.9     1.5     1.94 C    -2.6    -7.3    -4.6    89.1    63.9    74.5 -99.000 -99.000 -99.000 -99.000 -99.000 -9999.0 -9999.0 -9999.0 -9999.0 -9999.0
27516 20141007  2.424 -156.61   71.32    -2.7   -12.1    -7.4    -6.4     3.6     1.90 C    -3.3   -17.8    -7.9    95.5    85.0    91.7 -99.000 -99.000 -99.000 -99.000 -99.000 -9999.0 -9999.0 -9999.0 -9999.0 -9999.0
27516 20141008  2.424 -156.61   71.32    -1.9   -12.3    -7.1    -3.5     0.3     1.10 C    -3.0   -16.6    -4.7    93.7    62.3    77.1 -99.000 -99.000 -99.000 -99.000 -99.000 -9999.0 -9999.0 -9999.0 -9999.0 -9999.0
27516 20141009  2.424 -156.61   71.32    -1.8    -4.0    -2.9    -3.3     0.2     0.96 C    -3.0    -5.2    -4.2    83.9    66.6    75.1 -99.000 -99.000 -99.000 -99.000 -99.000 -9999.0 -9999.0 -9999.0 -9999.0 -9999.0
27516 20141010  2.424 -156.61   71.32    -3.3    -5.9    -4.6    -4.2     1.8     1.31 C    -3.7    -6.6    -5.1    90.3    57.0    75.6 -99.000 -99.000 -99.000 -99.000 -99.000 -9999.0 -9999.0 -9999.0 -9999.0 -9999.0
27516 20141011  2.424 -156.61   71.32    -5.4    -6.0    -5.7    -5.7     0.8     0.92 C    -5.7    -6.7    -6.3    86.7    72.2    80.2 -99.000 -99.000 -99.000 -99.000 -99.000 -9999.0 -9999.0 -9999.0 -9999.0 -9999.0
27516 20141012  2.424 -156.61   71.32    -5.6    -6.3    -6.0    -5.9     0.0     1.20 C    -5.6    -6.7    -6.2    90.4    82.0    86.1 -99.000 -99.000 -99.000 -99.000 -99.000 -9999.0 -9999.0 -9999.0 -9999.0 -9999.0
27516 20141013  2.424 -156.61   71.32    -4.2    -6.0    -5.1    -4.9     0.8     1.10 C    -4.3    -6.4    -5.2    91.5    82.4    86.7 -99.000 -99.000 -99.000 -99.000 -99.000 -9999.0 -9999.0 -9999.0 -9999.0 -9999.0
27516 20141014  2.424 -156.61   71.32    -3.4    -4.7    -4.1    -4.2     0.8     1.01 C    -3.4    -5.1    -4.4    93.8    85.1    89.5 -99.000 -99.000 -99.000 -99.000 -99.000 -9999.0 -9999.0 -9999.0 -9999.0 -9999.0
27516 20141015  2.424 -156.61   71.32    -1.8    -4.6    -3.2    -3.2     0.2     0.80 C    -2.2    -4.8    -3.5    95.1    87.6    91.6 -99.000 -99.000 -99.000 -99.000 -99.000 -9999.0 -9999.0 -9999.0 -9999.0 -9999.0
27516 20141016  2.424 -156.61   71.32    -1.9    -3.8    -2.8    -2.8     0.4     1.06 C    -2.2    -4.0    -3.2    93.6    87.1    91.0 -99.000 -99.000 -99.000 -99.000 -99.000 -9999.0 -9999.0 -9999.0 -9999.0 -9999.0
27516 20141017  2.424 -156.61   71.32    -3.6    -7.1    -5.3    -5.3     0.0     0.80 C    -3.8    -7.5    -5.6    92.4    80.7    86.5 -99.000 -99.000 -99.000 -99.000 -99.000 -9999.0 -9999.0 -9999.0 -9999.0 -9999.0
27516 20141018  2.424 -156.61   71.32    -6.5    -7.9    -7.2    -7.3     0.0     0.72 C    -6.9    -8.3    -7.6    89.5    79.7    85.5 -99.000 -99.000 -99.000 -99.000 -99.000 -9999.0 -9999.0 -9999.0 -9999.0 -9999.0
27516 20141019  2.424 -156.61   71.32    -6.5    -7.8    -7.2    -7.1     0.2     0.53 C    -6.8    -8.0    -7.2    90.8    82.4    87.5 -99.000 -99.000 -99.000 -99.000 -99.000 -9999.0 -9999.0 -9999.0 -9999.0 -9999.0
27516 20141020  2.424 -156.61   71.32    -6.8   -10.2    -8.5    -8.4     0.0     0.99 C    -6.9   -10.4    -8.6    91.2    74.6    83.9 -99.000 -99.000 -99.000 -99.000 -99.000 -9999.0 -9999.0 -9999.0 -9999.0 -9999.0
27516 20141021  2.424 -156.61   71.32    -7.9   -10.1    -9.0    -9.2     0.2     0.59 C    -8.0   -10.3    -9.3    88.4    78.1    83.5 -99.000 -99.000 -99.000 -99.000 -99.000 -9999.0 -9999.0 -9999.0 -9999.0 -9999.0
27516 20141022  2.424 -156.61   71.32    -7.0    -9.1    -8.0    -8.3     0.0     0.65 C    -7.1    -9.7    -8.3    92.0    85.1    89.5 -99.000 -99.000 -99.000 -99.000 -99.000 -9999.0 -9999.0 -9999.0 -9999.0 -9999.0
27516 20141023  2.424 -156.61   71.32    -3.9    -7.2    -5.6    -5.3     1.9     0.33 C    -4.2    -7.3    -5.5    93.0    87.2    89.5 -99.000 -99.000 -99.000 -99.000 -99.000 -9999.0 -9999.0 -9999.0 -9999.0 -9999.0
27516 20141024  2.424 -156.61   71.32    -3.7    -9.8    -6.8    -5.7     6.0     0.63 C    -4.0   -13.2    -6.3    94.0    87.4    91.8 -99.000 -99.000 -99.000 -99.000 -99.000 -9999.0 -9999.0 -9999.0 -9999.0 -9999.0
27516 20141025  2.424 -156.61   71.32    -5.6   -14.1    -9.8    -9.8     0.7     0.51 C    -5.8   -19.3   -11.0    93.9    86.9    90.8 -99.000 -99.000 -99.000 -99.000 -99.000 -9999.0 -9999.0 -9999.0 -9999.0 -9999.0
27516 20141026  2.424 -156.61   71.32    -2.8   -14.1    -8.5    -6.5     0.6     0.41 C    -4.0   -16.1    -7.6    96.3    86.7    93.1 -99.000 -99.000 -99.000 -99.000 -99.000 -9999.0 -9999.0 -9999.0 -9999.0 -9999.0
27516 20141027  2.424 -156.61   71.32    -3.8   -14.7    -9.2    -8.7     1.1     0.63 C    -4.3   -16.6   -10.3    95.0    86.1    91.1 -99.000 -99.000 -99.000 -99.000 -99.000 -9999.0 -9999.0 -9999.0 -9999.0 -9999.0
27516 20141028  2.424 -156.61   71.32    -2.5   -14.4    -8.4    -7.8     0.0     0.35 C    -3.1   -17.1    -9.0    94.8    60.3    85.5 -99.000 -99.000 -99.000 -99.000 -99.000 -9999.0 -9999.0 -9999.0 -9999.0 -9999.0
27516 20141029  2.424 -156.61   71.32    -4.5   -10.8    -7.6    -6.8     3.7     0.45 C    -5.9   -13.3    -8.0    92.3    58.5    79.9 -99.000 -99.000 -99.000 -99.000 -99.000 -9999.0 -9999.0 -9999.0 -9999.0 -9999.0
27516 20141030  2.424 -156.61   71.32    -5.4   -13.9    -9.6    -9.0     0.0     0.28 C    -6.4   -15.8    -9.4    87.9    74.3    83.0 -99.000 -99.000 -99.000 -99.000 -99.000 -9999.0 -9999.0 -9999.0 -9999.0 -9999.0
27516 20141031  2.424 -156.61   71.32   -12.3   -16.9   -14.6   -14.2     0.5     0.32 C   -12.6   -19.6   -14.8    88.4    81.6    85.4 -99.000 -99.000 -99.000 -99.000 -99.000 -9999.0 -9999.0 -9999.0 -9999.0 -9999.0
27516 20141101  2.424 -156.61   71.32   -13.3   -20.3   -16.8   -15.8     0.3     0.31 C   -13.4   -24.0   -17.0    86.6    83.5    85.3 -99.000 -99.000 -99.000 -99.000 -99.000 -9999.0 -9999.0 -9999.0 -9999.0 -9999.0
27516 20141102  2.424 -156.61   71.32   -13.9   -18.5   -16.2   -16.3     0.0     0.77 C   -14.3   -20.3   -17.4    89.5    83.3    85.3 -99.000 -99.000 -99.000 -99.000 -99.000 -9999.0 -9999.0 -9999.0 -9999.0 -9999.0
27516 20141103  2.424 -156.61   71.32    -9.9   -17.2   -13.5   -12.7     0.2     0.11 C   -10.0   -18.2   -13.3    90.0    83.8    87.2 -99.000 -99.000 -99.000 -99.000 -99.000 -9999.0 -9999.0 -9999.0 -9999.0 -9999.0
27516 20141104  2.424 -156.61   71.32   -10.4   -15.2   -12.8   -13.4     0.0     0.15 C   -10.5   -16.7   -13.7    89.4    82.0    86.1 -99.000 -99.000 -99.000 -99.000 -99.000 -9999.0 -9999.0 -9999.0 -9999.0 -9999.0
27516 20141105  2.424 -156.61   71.32   -10.1   -16.2   -13.1   -13.1     0.0     0.10 C   -10.6   -16.7   -13.5    88.8    78.9    85.4 -99.000 -99.000 -99.000 -99.000 -99.000 -9999.0 -9999.0 -9999.0 -9999.0 -9999.0
27516 20141106  2.424 -156.61   71.32   -10.3   -19.9   -15.1   -13.8     0.0     0.24 C   -11.2   -21.9   -15.5    86.9    82.6    85.3 -99.000 -99.000 -99.000 -99.000 -99.000 -9999.0 -9999.0 -9999.0 -9999.0 -9999.0
27516 20141107  2.424 -156.61   71.32   -17.2   -21.4   -19.3   -19.2     0.0     0.44 C   -20.0   -23.4   -21.9    82.8    78.6    80.0 -99.000 -99.000 -99.000 -99.000 -99.000 -9999.0 -9999.0 -9999.0 -9999.0 -9999.0
27516 20141108  2.424 -156.61   71.32   -12.8   -18.5   -15.7   -15.5     0.2     0.32 C   -13.5   -22.8   -19.3    89.1    78.9    85.4 -99.000 -99.000 -99.000 -99.000 -99.000 -9999.0 -9999.0 -9999.0 -9999.0 -9999.0
27516 20141109  2.424 -156.61   71.32    -8.8   -13.0   -10.9   -10.6     0.3     0.01 C    -9.3   -14.0   -11.0    90.8    87.3    89.4 -99.000 -99.000 -99.000 -99.000 -99.000 -9999.0 -9999.0 -9999.0 -9999.0 -9999.0
27516 20141110  2.424 -156.61   71.32    -2.2    -9.3    -5.7    -6.6     0.6     0.08 C    -3.0   -10.0    -7.2    94.6    88.3    91.8 -99.000 -99.000 -99.000 -99.000 -99.000 -9999.0 -9999.0 -9999.0 -9999.0 -9999.0
27516 20141111  2.424 -156.61   71.32    -2.1    -9.5    -5.8    -6.9     0.3     0.00 C    -2.9   -10.4    -8.2    90.5    83.0    87.0 -99.000 -99.000 -99.000 -99.000 -99.000 -9999.0 -9999.0 -9999.0 -9999.0 -9999.0
27516 20141112  2.424 -156.61   71.32    -0.4    -7.2    -3.8    -4.4     0.3     0.00 C    -2.8    -8.5    -5.8    92.5    79.5    88.2 -99.000 -99.000 -99.000 -99.000 -99.000 -9999.0 -9999.0 -9999.0 -9999.0 -9999.0
27516 20141113  2.424 -156.61   71.32     0.4    -5.7    -2.7    -1.8     0.2     0.01 C    -0.4    -7.9    -2.9    97.9    85.5    91.4 -99.000 -99.000 -99.000 -99.000 -99.000 -9999.0 -9999.0 -9999.0 -9999.0 -9999.0
27516 20141114  2.424 -156.61   71.32    -0.6    -5.9    -3.2    -2.6     0.0     0.00 C    -0.5    -7.2    -3.0    98.4    93.2    96.8 -99.000 -99.000 -99.000 -99.000 -99.000 -9999.0 -9999.0 -9999.0 -9999.0 -9999.0
27516 20141115  2.424 -156.61   71.32    -2.9   -12.9    -7.9    -7.5     0.3     0.06 C    -3.3   -13.7    -8.6    97.1    88.0    92.8 -99.000 -99.000 -99.000 -99.000 -99.000 -9999.0 -9999.0 -9999.0 -9999.0 -9999.0
27516 20141116  2.424 -156.61   71.32    -3.3    -9.6    -6.5    -5.5     1.0     0.00 C    -3.6    -9.9    -5.7    96.5    90.3    94.0 -99.000 -99.000 -99.000 -99.000 -99.000 -9999.0 -9999.0 -9999.0 -9999.0 -9999.0
27516 20141117  2.424 -156.61   71.32    -2.8    -7.7    -5.2    -5.0     0.0     0.00 C    -3.0    -7.8    -5.1    95.9    91.6    94.0 -99.000 -99.000 -99.000 -99.000 -99.000 -9999.0 -9999.0 -9999.0 -9999.0 -9999.0
27516 20141118  2.424 -156.61   71.32    -6.3   -10.2    -8.2    -8.0     0.0     0.00 C    -6.2   -10.6    -8.3    93.2    89.4    91.4 -99.000 -99.000 -99.000 -99.000 -99.000 -9999.0 -9999.0 -9999.0 -9999.0 -9999.0
27516 20141119  2.424 -156.61   71.32    -9.9   -11.5   -10.7   -10.7     0.8     0.00 C   -10.0   -11.5   -10.7    89.9    88.2    89.0 -99.000 -99.000 -99.000 -99.000 -99.000 -9999.0 -9999.0 -9999.0 -9999.0 -9999.0
27516 20141120  2.424 -156.61   71.32    -8.2   -11.4    -9.8   -10.1     3.5     0.00 C    -8.5   -11.3   -10.1    91.5    87.9    89.2 -99.000 -99.000 -99.000 -99.000 -99.000 -9999.0 -9999.0 -9999.0 -9999.0 -9999.0
27516 20141121  2.424 -156.61   71.32    -7.6   -11.0    -9.3    -9.0     0.7     0.00 C    -9.6   -13.3   -10.6    91.1    80.3    86.3 -99.000 -99.000 -99.000 -99.000 -99.000 -9999.0 -9999.0 -9999.0 -9999.0 -9999.0
27516 20141122  2.424 -156.61   71.32    -7.9   -16.8   -12.4   -11.5     0.6     0.00 C   -10.1   -20.1   -14.3    88.8    79.6    85.1 -99.000 -99.000 -99.000 -99.000 -99.000 -9999.0 -9999.0 -9999.0 -9999.0 -9999.0
27516 20141123  2.424 -156.61   71.32    -8.9   -17.6   -13.3   -14.3     0.3     0.00 C    -9.3   -19.6   -15.6    90.9    84.5    86.7 -99.000 -99.000 -99.000 -99.000 -99.000 -9999.0 -9999.0 -9999.0 -9999.0 -9999.0
27516 20141124  2.424 -156.61   71.32   -10.1   -20.5   -15.3   -15.8     0.0     0.00 C   -10.4   -22.3   -16.7    88.1    79.6    84.0 -99.000 -99.000 -99.000 -99.000 -99.000 -9999.0 -9999.0 -9999.0 -9999.0 -9999.0
27516 20141125  2.424 -156.61   71.32   -18.0   -24.7   -21.4   -22.0     0.3     0.00 C   -18.7   -26.5   -23.9    83.8    80.7    82.5 -99.000 -99.000 -99.000 -99.000 -99.000 -9999.0 -9999.0 -9999.0 -9999.0 -9999.0
27516 20141126  2.424 -156.61   71.32   -17.1   -24.0   -20.6   -19.6     0.2     0.00 C   -17.7   -25.1   -20.4    84.4    80.1    82.5 -99.000 -99.000 -99.000 -99.000 -99.000 -9999.0 -9999.0 -9999.0 -9999.0 -9999.0
27516 20141127  2.424 -156.61   71.32   -18.3   -22.4   -20.3   -20.5     0.0     0.00 C   -19.0   -22.9   -21.1    83.7    79.3    80.9 -99.000 -99.000 -99.000 -99.000 -99.000 -9999.0 -9999.0 -9999.0 -9999.0 -9999.0
27516 20141128  2.424 -156.61   71.32   -15.9   -20.1   -18.0   -17.5     0.2     0.00 C   -16.5   -21.0   -18.3    85.2    75.3    82.3 -99.000 -99.000 -99.000 -99.000 -99.000 -9999.0 -9999.0 -9999.0 -9999.0 -9999.0
27516 20141129  2.424 -156.61   71.32   -14.7   -22.3   -18.5   -18.7     0.5     0.00 C   -15.3   -23.6   -19.7    84.8    78.7    82.4 -99.000 -99.000 -99.000 -99.000 -99.000 -9999.0 -9999.0 -9999.0 -9999.0 -9999.0
27516 20141130  2.424 -156.61   71.32   -16.1   -20.4   -18.3   -18.5     0.0     0.00 C   -17.3   -21.6   -19.9    86.3    72.1    81.8 -99.000 -99.000 -99.000 -99.000 -99.000 -9999.0 -9999.0 -9999.0 -9999.0 -9999.0
27516 20141201  2.424 -156.61   71.32   -20.4   -24.2   -22.3   -21.8     0.0     0.00 C   -20.7   -25.9   -22.9    83.6    76.4    80.7 -99.000 -99.000 -99.000 -99.000 -99.000 -9999.0 -9999.0 -9999.0 -9999.0 -9999.0
27516 20141202  2.424 -156.61   71.32   -19.0   -26.3   -22.6   -22.4     1.1     0.00 C   -19.3   -27.4   -23.1    82.3    78.3    80.7 -99.000 -99.000 -99.000 -99.000 -99.000 -9999.0 -9999.0 -9999.0 -9999.0 -9999.0
27516 20141203  2.424 -156.61   71.32   -17.6   -24.0   -20.8   -20.5     0.4     0.00 C   -18.6   -25.2   -21.2    83.9    80.3    82.1 -99.000 -99.000 -99.000 -99.000 -99.000 -9999.0 -9999.0 -9999.0 -9999.0 -9999.0
27516 20141204  2.424 -156.61   71.32   -12.5   -19.6   -16.1   -15.8     0.3     0.00 C   -12.7   -20.3   -16.3    86.6    78.7    84.4 -99.000 -99.000 -99.000 -99.000 -99.000 -9999.0 -9999.0 -9999.0 -9999.0 -9999.0
27516 20141205  2.424 -156.61   71.32   -12.8   -26.8   -19.8   -20.4     0.3     0.00 C   -13.4   -28.6   -21.2    88.3    76.8    81.8 -99.000 -99.000 -99.000 -99.000 -99.000 -9999.0 -9999.0 -9999.0 -9999.0 -9999.0
27516 20141206  2.424 -156.61   71.32   -19.2   -28.5   -23.8   -24.3     0.4     0.00 C   -19.7   -29.8   -25.2    82.2    75.0    78.3 -99.000 -99.000 -99.000 -99.000 -99.000 -9999.0 -9999.0 -9999.0 -9999.0 -9999.0
27516 20141207  2.424 -156.61   71.32   -24.6   -28.5   -26.5   -26.6     0.2     0.00 C   -25.8   -29.4   -27.9    79.1    74.0    76.3 -99.000 -99.000 -99.000 -99.000 -99.000 -9999.0 -9999.0 -9999.0 -9999.0 -9999.0
27516 20141208  2.424 -156.61   71.32   -20.8   -25.2   -23.0   -22.8     0.0     0.00 C   -21.2   -26.5   -23.4    80.9    77.6    79.1 -99.000 -99.000 -99.000 -99.000 -99.000 -9999.0 -9999.0 -9999.0 -9999.0 -9999.0
27516 20141209  2.424 -156.61   71.32   -23.8   -26.4   -25.1   -24.8     0.0     0.00 C   -24.5   -27.2   -25.5    78.6    76.2    77.7 -99.000 -99.000 -99.000 -99.000 -99.000 -9999.0 -9999.0 -9999.0 -9999.0 -9999.0
27516 20141210  2.424 -156.61   71.32   -23.0   -26.8   -24.9   -24.9     0.0     0.00 C   -23.9   -27.8   -26.1    79.8    75.1    77.7 -99.000 -99.000 -99.000 -99.000 -99.000 -9999.0 -9999.0 -9999.0 -9999.0 -9999.0
27516 20141211  2.424 -156.61   71.32   -22.6   -25.6   -24.1   -23.8     0.0     0.00 C   -23.1   -25.9   -24.3    79.5    76.8    78.3 -99.000 -99.000 -99.000 -99.000 -99.000 -9999.0 -9999.0 -9999.0 -9999.0 -9999.0
27516 20141212  2.424 -156.61   71.32   -22.7   -25.6   -24.2   -24.2     0.0     0.00 C   -22.9   -25.9   -24.5    79.0    76.7    78.0 -99.000 -99.000 -99.000 -99.000 -99.000 -9999.0 -9999.0 -9999.0 -9999.0 -9999.0
27516 20141213  2.424 -156.61   71.32   -22.7   -26.1   -24.4   -24.4     0.3     0.00 C   -22.9   -26.5   -24.7    78.9    76.1    77.7 -99.000 -99.000 -99.000 -99.000 -99.000 -9999.0 -9999.0 -9999.0 -9999.0 -9999.0
27516 20141214  2.424 -156.61   71.32   -23.1   -29.5   -26.3   -26.9     0.5     0.00 C   -23.2   -30.3   -27.8    78.8    72.7    75.7 -99.000 -99.000 -99.000 -99.000 -99.000 -9999.0 -9999.0 -9999.0 -9999.0 -9999.0
27516 20141215  2.424 -156.61   71.32   -27.6   -31.6   -29.6   -29.9     0.3     0.00 C   -29.5   -32.2   -30.8    76.1    71.5    73.4 -99.000 -99.000 -99.000 -99.000 -99.000 -9999.0 -9999.0 -9999.0 -9999.0 -9999.0
27516 20141216  2.424 -156.61   71.32   -22.8   -31.1   -26.9   -26.7     0.0     0.00 C   -23.0   -31.8   -27.2    78.7    72.3    75.7 -99.000 -99.000 -99.000 -99.000 -99.000 -9999.0 -9999.0 -9999.0 -9999.0 -9999.0
27516 20141217  2.424 -156.61   71.32   -21.6   -24.2   -22.9   -23.0     0.0     0.00 C   -21.7   -24.1   -23.0    79.6    77.6    78.4 -99.000 -99.000 -99.000 -99.000 -99.000 -9999.0 -9999.0 -9999.0 -9999.0 -9999.0
27516 20141218  2.424 -156.61   71.32   -21.2   -24.9   -23.0   -22.9     0.0     0.00 C   -21.3   -24.9   -23.0    80.1    77.2    78.8 -99.000 -99.000 -99.000 -99.000 -99.000 -9999.0 -9999.0 -9999.0 -9999.0 -9999.0
27516 20141219  2.424 -156.61   71.32   -18.9   -25.1   -22.0   -23.0     0.0     0.00 C   -19.3   -25.5   -23.4    81.9    77.1    78.8 -99.000 -99.000 -99.000 -99.000 -99.000 -9999.0 -9999.0 -9999.0 -9999.0 -9999.0
27516 20141220  2.424 -156.61   71.32   -16.7   -22.8   -19.7   -20.0     0.0     0.00 C   -16.8   -23.2   -20.3    83.8    78.9    81.1 -99.000 -99.000 -99.000 -99.000 -99.000 -9999.0 -9999.0 -9999.0 -9999.0 -9999.0
27516 20141221  2.424 -156.61   71.32   -16.6   -18.7   -17.7   -17.5     0.0     0.00 C   -16.8   -18.7   -17.7    84.1    82.2    83.1 -99.000 -99.000 -99.000 -99.000 -99.000 -9999.0 -9999.0 -9999.0 -9999.0 -9999.0
27516 20141222  2.424 -156.61   71.32   -14.6   -18.7   -16.6   -16.3     0.3     0.00 C   -14.8   -18.9   -16.5    88.7    81.7    84.2 -99.000 -99.000 -99.000 -99.000 -99.000 -9999.0 -9999.0 -9999.0 -9999.0 -9999.0
27516 20141223  2.424 -156.61   71.32   -15.2   -24.3   -19.8   -18.3     0.0     0.00 C   -15.4   -24.6   -18.7    84.4    78.7    82.2 -99.000 -99.000 -99.000 -99.000 -99.000 -9999.0 -9999.0 -9999.0 -9999.0 -9999.0
27516 20141224  2.424 -156.61   71.32   -16.2   -21.5   -18.9   -18.3     0.3     0.00 C   -16.5   -21.7   -18.6    84.6    81.5    83.1 -99.000 -99.000 -99.000 -99.000 -99.000 -9999.0 -9999.0 -9999.0 -9999.0 -9999.0
27516 20141225  2.424 -156.61   71.32   -17.8   -23.4   -20.6   -20.6     0.0     0.00 C   -17.9   -23.6   -20.8    82.7    79.7    81.3 -99.000 -99.000 -99.000 -99.000 -99.000 -9999.0 -9999.0 -9999.0 -9999.0 -9999.0
27516 20141226  2.424 -156.61   71.32   -21.5   -27.8   -24.7   -23.2     0.0     0.00 C   -21.6   -28.8   -23.4    80.1    77.8    79.0 -99.000 -99.000 -99.000 -99.000 -99.000 -9999.0 -9999.0 -9999.0 -9999.0 -9999.0
27516 20141227  2.424 -156.61   71.32   -24.7   -33.1   -28.9   -29.2     0.3     0.00 C   -25.0   -33.7   -30.1    79.1    73.8    76.1 -99.000 -99.000 -99.000 -99.000 -99.000 -9999.0 -9999.0 -9999.0 -9999.0 -9999.0
27516 20141228  2.424 -156.61   71.32    -5.2   -24.8   -15.0   -16.3     0.5     0.00 C    -5.6   -25.0   -16.6    91.1    77.7    83.7 -99.000 -99.000 -99.000 -99.000 -99.000 -9999.0 -9999.0 -9999.0 -9999.0 -9999.0
27516 20141229  2.424 -156.61   71.32    -2.9   -18.5   -10.7   -10.6     7.8     0.00 C    -3.2   -21.1   -12.5    93.0    75.4    83.9 -99.000 -99.000 -99.000 -99.000 -99.000 -9999.0 -9999.0 -9999.0 -9999.0 -9999.0
27516 20141230  2.424 -156.61   71.32   -16.6   -20.9   -18.8   -18.1     0.0     0.00 C   -17.4   -22.9   -19.1    84.7    76.9    81.0 -99.000 -99.000 -99.000 -99.000 -99.000 -9999.0 -9999.0 -9999.0 -9999.0 -9999.0
27516 20141231  2.424 -156.61   71.32   -17.7   -20.7   -19.2   -19.8     0.0     0.00 C   -18.0   -23.1   -20.8    79.3    75.0    77.1 -99.000 -99.000 -99.000 -99.000 -99.000 -9999.0 -9999.0 -9999.0 -9999.0 -9999.0
